Build Timestamp (UTC)	Build	Job	Job URL	Build Trigger	Allow Job Failure	PR#	Branch	Commit	Commit Range	Commit Message	Sketch Filename	Board ID	IDE Version	Program Storage (bytes)	Dynamic Memory (bytes)	# Warnings	Allow Failure	Exit Status	# Board Issues	Board Issue	# Library Issues	Library Issue
2019-01-14 02:56:08	70	70.47	https://travis-ci.org/MCUdude/MegaCore/jobs/479178843	push	false	false	master	4a9b0e1c299b8591dff764820877a420f6f8687d	6d84ff13ed9e...4a9b0e1c299b	Update pinout pic for 64-pin AVR	/home/travis/Arduino/hardware/MegaCore/avr/libraries/EEPROM/examples/eeprom_update/eeprom_update.ino	MegaCore:avr:2561:BOD=2v7,LTO=Os,clock=1MHz_internal	1.6.7	1072	13	1	false	0	0		0	
2019-01-14 02:56:13	70	70.47	https://travis-ci.org/MCUdude/MegaCore/jobs/479178843	push	false	false	master	4a9b0e1c299b8591dff764820877a420f6f8687d	6d84ff13ed9e...4a9b0e1c299b	Update pinout pic for 64-pin AVR	/home/travis/Arduino/hardware/MegaCore/avr/libraries/EEPROM/examples/eeprom_crc/eeprom_crc.ino	MegaCore:avr:2561:BOD=2v7,LTO=Os,clock=1MHz_internal	1.6.7	2676	310	1	false	0	0		0	
2019-01-14 02:56:18	70	70.47	https://travis-ci.org/MCUdude/MegaCore/jobs/479178843	push	false	false	master	4a9b0e1c299b8591dff764820877a420f6f8687d	6d84ff13ed9e...4a9b0e1c299b	Update pinout pic for 64-pin AVR	/home/travis/Arduino/hardware/MegaCore/avr/libraries/EEPROM/examples/eeprom_iteration/eeprom_iteration.ino	MegaCore:avr:2561:BOD=2v7,LTO=Os,clock=1MHz_internal	1.6.7	850	9	3	false	0	0		0	
2019-01-14 02:56:23	70	70.47	https://travis-ci.org/MCUdude/MegaCore/jobs/479178843	push	false	false	master	4a9b0e1c299b8591dff764820877a420f6f8687d	6d84ff13ed9e...4a9b0e1c299b	Update pinout pic for 64-pin AVR	/home/travis/Arduino/hardware/MegaCore/avr/libraries/EEPROM/examples/eeprom_put/eeprom_put.ino	MegaCore:avr:2561:BOD=2v7,LTO=Os,clock=1MHz_internal	1.6.7	2400	340	0	false	0	0		0	
2019-01-14 02:56:27	70	70.47	https://travis-ci.org/MCUdude/MegaCore/jobs/479178843	push	false	false	master	4a9b0e1c299b8591dff764820877a420f6f8687d	6d84ff13ed9e...4a9b0e1c299b	Update pinout pic for 64-pin AVR	/home/travis/Arduino/hardware/MegaCore/avr/libraries/EEPROM/examples/eeprom_clear/eeprom_clear.ino	MegaCore:avr:2561:BOD=2v7,LTO=Os,clock=1MHz_internal	1.6.7	1256	9	1	false	0	0		0	
2019-01-14 02:56:32	70	70.47	https://travis-ci.org/MCUdude/MegaCore/jobs/479178843	push	false	false	master	4a9b0e1c299b8591dff764820877a420f6f8687d	6d84ff13ed9e...4a9b0e1c299b	Update pinout pic for 64-pin AVR	/home/travis/Arduino/hardware/MegaCore/avr/libraries/EEPROM/examples/eeprom_read/eeprom_read.ino	MegaCore:avr:2561:BOD=2v7,LTO=Os,clock=1MHz_internal	1.6.7	2616	203	1	false	0	0		0	
2019-01-14 02:56:37	70	70.47	https://travis-ci.org/MCUdude/MegaCore/jobs/479178843	push	false	false	master	4a9b0e1c299b8591dff764820877a420f6f8687d	6d84ff13ed9e...4a9b0e1c299b	Update pinout pic for 64-pin AVR	/home/travis/Arduino/hardware/MegaCore/avr/libraries/EEPROM/examples/eeprom_get/eeprom_get.ino	MegaCore:avr:2561:BOD=2v7,LTO=Os,clock=1MHz_internal	1.6.7	4154	256	0	false	0	0		0	
2019-01-14 02:56:42	70	70.47	https://travis-ci.org/MCUdude/MegaCore/jobs/479178843	push	false	false	master	4a9b0e1c299b8591dff764820877a420f6f8687d	6d84ff13ed9e...4a9b0e1c299b	Update pinout pic for 64-pin AVR	/home/travis/Arduino/hardware/MegaCore/avr/libraries/EEPROM/examples/eeprom_write/eeprom_write.ino	MegaCore:avr:2561:BOD=2v7,LTO=Os,clock=1MHz_internal	1.6.7	1022	13	1	false	0	0		0	
2019-01-14 02:56:47	70	70.47	https://travis-ci.org/MCUdude/MegaCore/jobs/479178843	push	false	false	master	4a9b0e1c299b8591dff764820877a420f6f8687d	6d84ff13ed9e...4a9b0e1c299b	Update pinout pic for 64-pin AVR	/home/travis/Arduino/hardware/MegaCore/avr/libraries/SoftwareSerial/examples/TwoPortReceive/TwoPortReceive.ino	MegaCore:avr:2561:BOD=2v7,LTO=Os,clock=1MHz_internal	1.6.7	5690	400	0	false	0	0		0	
2019-01-14 02:56:52	70	70.47	https://travis-ci.org/MCUdude/MegaCore/jobs/479178843	push	false	false	master	4a9b0e1c299b8591dff764820877a420f6f8687d	6d84ff13ed9e...4a9b0e1c299b	Update pinout pic for 64-pin AVR	/home/travis/Arduino/hardware/MegaCore/avr/libraries/SoftwareSerial/examples/SoftwareSerialExample/SoftwareSerialExample.ino	MegaCore:avr:2561:BOD=2v7,LTO=Os,clock=1MHz_internal	1.6.7	5604	359	0	false	0	0		0	
2019-01-14 02:56:58	70	70.47	https://travis-ci.org/MCUdude/MegaCore/jobs/479178843	push	false	false	master	4a9b0e1c299b8591dff764820877a420f6f8687d	6d84ff13ed9e...4a9b0e1c299b	Update pinout pic for 64-pin AVR	/home/travis/Arduino/hardware/MegaCore/avr/libraries/SD/examples/ReadWrite/ReadWrite.ino	MegaCore:avr:2561:BOD=2v7,LTO=Os,clock=1MHz_internal	1.6.7	13388	1006	5	false	0	0		0	
2019-01-14 02:57:04	70	70.47	https://travis-ci.org/MCUdude/MegaCore/jobs/479178843	push	false	false	master	4a9b0e1c299b8591dff764820877a420f6f8687d	6d84ff13ed9e...4a9b0e1c299b	Update pinout pic for 64-pin AVR	/home/travis/Arduino/hardware/MegaCore/avr/libraries/SD/examples/Files/Files.ino	MegaCore:avr:2561:BOD=2v7,LTO=Os,clock=1MHz_internal	1.6.7	14010	1040	5	false	0	0		0	
2019-01-14 02:57:09	70	70.47	https://travis-ci.org/MCUdude/MegaCore/jobs/479178843	push	false	false	master	4a9b0e1c299b8591dff764820877a420f6f8687d	6d84ff13ed9e...4a9b0e1c299b	Update pinout pic for 64-pin AVR	/home/travis/Arduino/hardware/MegaCore/avr/libraries/SD/examples/Datalogger/Datalogger.ino	MegaCore:avr:2561:BOD=2v7,LTO=Os,clock=1MHz_internal	1.6.7	14442	937	5	false	0	0		0	
2019-01-14 02:57:16	70	70.47	https://travis-ci.org/MCUdude/MegaCore/jobs/479178843	push	false	false	master	4a9b0e1c299b8591dff764820877a420f6f8687d	6d84ff13ed9e...4a9b0e1c299b	Update pinout pic for 64-pin AVR	/home/travis/Arduino/hardware/MegaCore/avr/libraries/SD/examples/CardInfo/CardInfo.ino	MegaCore:avr:2561:BOD=2v7,LTO=Os,clock=1MHz_internal	1.6.7	11928	1364	5	false	0	0		0	
2019-01-14 02:57:22	70	70.47	https://travis-ci.org/MCUdude/MegaCore/jobs/479178843	push	false	false	master	4a9b0e1c299b8591dff764820877a420f6f8687d	6d84ff13ed9e...4a9b0e1c299b	Update pinout pic for 64-pin AVR	/home/travis/Arduino/hardware/MegaCore/avr/libraries/SD/examples/listfiles/listfiles.ino	MegaCore:avr:2561:BOD=2v7,LTO=Os,clock=1MHz_internal	1.6.7	14118	942	5	false	0	0		0	
2019-01-14 02:57:28	70	70.47	https://travis-ci.org/MCUdude/MegaCore/jobs/479178843	push	false	false	master	4a9b0e1c299b8591dff764820877a420f6f8687d	6d84ff13ed9e...4a9b0e1c299b	Update pinout pic for 64-pin AVR	/home/travis/Arduino/hardware/MegaCore/avr/libraries/SD/examples/DumpFile/DumpFile.ino	MegaCore:avr:2561:BOD=2v7,LTO=Os,clock=1MHz_internal	1.6.7	13058	935	5	false	0	0		0	
2019-01-14 02:57:33	70	70.47	https://travis-ci.org/MCUdude/MegaCore/jobs/479178843	push	false	false	master	4a9b0e1c299b8591dff764820877a420f6f8687d	6d84ff13ed9e...4a9b0e1c299b	Update pinout pic for 64-pin AVR	/home/travis/Arduino/hardware/MegaCore/avr/libraries/Timer/examples/Events/Events.ino	MegaCore:avr:2561:BOD=2v7,LTO=Os,clock=1MHz_internal	1.6.7	4368	550	0	false	0	0		0	
2019-01-14 02:57:38	70	70.47	https://travis-ci.org/MCUdude/MegaCore/jobs/479178843	push	false	false	master	4a9b0e1c299b8591dff764820877a420f6f8687d	6d84ff13ed9e...4a9b0e1c299b	Update pinout pic for 64-pin AVR	/home/travis/Arduino/hardware/MegaCore/avr/libraries/Timer/examples/Multitasking/Multitasking.ino	MegaCore:avr:2561:BOD=2v7,LTO=Os,clock=1MHz_internal	1.6.7	3866	454	1	false	0	0		0	
2019-01-14 02:57:43	70	70.47	https://travis-ci.org/MCUdude/MegaCore/jobs/479178843	push	false	false	master	4a9b0e1c299b8591dff764820877a420f6f8687d	6d84ff13ed9e...4a9b0e1c299b	Update pinout pic for 64-pin AVR	/home/travis/Arduino/hardware/MegaCore/avr/libraries/Timer/examples/Pin_high_10_minutes/Pin_high_10_minutes.ino	MegaCore:avr:2561:BOD=2v7,LTO=Os,clock=1MHz_internal	1.6.7	1972	205	1	false	0	0		0	
2019-01-14 02:57:48	70	70.47	https://travis-ci.org/MCUdude/MegaCore/jobs/479178843	push	false	false	master	4a9b0e1c299b8591dff764820877a420f6f8687d	6d84ff13ed9e...4a9b0e1c299b	Update pinout pic for 64-pin AVR	/home/travis/Arduino/hardware/MegaCore/avr/libraries/Timer/examples/TimerTest/TimerTest.ino	MegaCore:avr:2561:BOD=2v7,LTO=Os,clock=1MHz_internal	1.6.7	1936	203	0	false	0	0		0	
2019-01-14 02:57:53	70	70.47	https://travis-ci.org/MCUdude/MegaCore/jobs/479178843	push	false	false	master	4a9b0e1c299b8591dff764820877a420f6f8687d	6d84ff13ed9e...4a9b0e1c299b	Update pinout pic for 64-pin AVR	/home/travis/Arduino/hardware/MegaCore/avr/libraries/Optiboot_flasher/examples/SerialReadWrite/SerialReadWrite.ino	MegaCore:avr:2561:BOD=2v7,LTO=Os,clock=1MHz_internal	1.6.7	8018	465	0	false	0	0		0	
2019-01-14 02:57:58	70	70.47	https://travis-ci.org/MCUdude/MegaCore/jobs/479178843	push	false	false	master	4a9b0e1c299b8591dff764820877a420f6f8687d	6d84ff13ed9e...4a9b0e1c299b	Update pinout pic for 64-pin AVR	/home/travis/Arduino/hardware/MegaCore/avr/libraries/Servo/examples/Sweep/Sweep.ino	MegaCore:avr:2561:BOD=2v7,LTO=Os,clock=1MHz_internal	1.6.7	3342	93	0	false	0	0		0	
2019-01-14 02:58:03	70	70.47	https://travis-ci.org/MCUdude/MegaCore/jobs/479178843	push	false	false	master	4a9b0e1c299b8591dff764820877a420f6f8687d	6d84ff13ed9e...4a9b0e1c299b	Update pinout pic for 64-pin AVR	/home/travis/Arduino/hardware/MegaCore/avr/libraries/Servo/examples/Knob/Knob.ino	MegaCore:avr:2561:BOD=2v7,LTO=Os,clock=1MHz_internal	1.6.7	3420	97	0	false	0	0		0	
2019-01-14 02:58:07	70	70.47	https://travis-ci.org/MCUdude/MegaCore/jobs/479178843	push	false	false	master	4a9b0e1c299b8591dff764820877a420f6f8687d	6d84ff13ed9e...4a9b0e1c299b	Update pinout pic for 64-pin AVR	/home/travis/Arduino/hardware/MegaCore/avr/libraries/AVR_examples/examples/Measure_period_length/Measure_period_length.ino	MegaCore:avr:2561:BOD=2v7,LTO=Os,clock=1MHz_internal	1.6.7	1936	200	0	false	0	0		0	
2019-01-14 02:58:12	70	70.47	https://travis-ci.org/MCUdude/MegaCore/jobs/479178843	push	false	false	master	4a9b0e1c299b8591dff764820877a420f6f8687d	6d84ff13ed9e...4a9b0e1c299b	Update pinout pic for 64-pin AVR	/home/travis/Arduino/hardware/MegaCore/avr/libraries/AVR_examples/examples/Watch_dog_timer/Watch_dog_timer.ino	MegaCore:avr:2561:BOD=2v7,LTO=Os,clock=1MHz_internal	1.6.7	338	2	0	false	0	0		0	
2019-01-14 02:58:17	70	70.47	https://travis-ci.org/MCUdude/MegaCore/jobs/479178843	push	false	false	master	4a9b0e1c299b8591dff764820877a420f6f8687d	6d84ff13ed9e...4a9b0e1c299b	Update pinout pic for 64-pin AVR	/home/travis/Arduino/hardware/MegaCore/avr/libraries/AVR_examples/examples/Blink_using_Timer0/Blink_using_Timer0.ino	MegaCore:avr:2561:BOD=2v7,LTO=Os,clock=1MHz_internal	1.6.7	346	3	0	false	0	0		0	
2019-01-14 02:58:22	70	70.47	https://travis-ci.org/MCUdude/MegaCore/jobs/479178843	push	false	false	master	4a9b0e1c299b8591dff764820877a420f6f8687d	6d84ff13ed9e...4a9b0e1c299b	Update pinout pic for 64-pin AVR	/home/travis/Arduino/hardware/MegaCore/avr/libraries/AVR_examples/examples/Read_port_write_port/Read_port_write_port.ino	MegaCore:avr:2561:BOD=2v7,LTO=Os,clock=1MHz_internal	1.6.7	248	0	0	false	0	0		0	
2019-01-14 02:58:26	70	70.47	https://travis-ci.org/MCUdude/MegaCore/jobs/479178843	push	false	false	master	4a9b0e1c299b8591dff764820877a420f6f8687d	6d84ff13ed9e...4a9b0e1c299b	Update pinout pic for 64-pin AVR	/home/travis/Arduino/hardware/MegaCore/avr/libraries/AVR_examples/examples/Blink/Blink.ino	MegaCore:avr:2561:BOD=2v7,LTO=Os,clock=1MHz_internal	1.6.7	280	0	0	false	0	0		0	
2019-01-14 02:58:32	70	70.47	https://travis-ci.org/MCUdude/MegaCore/jobs/479178843	push	false	false	master	4a9b0e1c299b8591dff764820877a420f6f8687d	6d84ff13ed9e...4a9b0e1c299b	Update pinout pic for 64-pin AVR	/home/travis/Arduino/hardware/MegaCore/avr/libraries/Ethernet/examples/AdvancedChatServer/AdvancedChatServer.ino	MegaCore:avr:2561:BOD=2v7,LTO=Os,clock=1MHz_internal	1.6.7	13042	538	1	false	0	0		0	
2019-01-14 02:58:39	70	70.47	https://travis-ci.org/MCUdude/MegaCore/jobs/479178843	push	false	false	master	4a9b0e1c299b8591dff764820877a420f6f8687d	6d84ff13ed9e...4a9b0e1c299b	Update pinout pic for 64-pin AVR	/home/travis/Arduino/hardware/MegaCore/avr/libraries/Ethernet/examples/BarometricPressureWebServer/BarometricPressureWebServer.ino	MegaCore:avr:2561:BOD=2v7,LTO=Os,clock=1MHz_internal	1.6.7	17198	542	3	false	0	0		0	
2019-01-14 02:58:45	70	70.47	https://travis-ci.org/MCUdude/MegaCore/jobs/479178843	push	false	false	master	4a9b0e1c299b8591dff764820877a420f6f8687d	6d84ff13ed9e...4a9b0e1c299b	Update pinout pic for 64-pin AVR	/home/travis/Arduino/hardware/MegaCore/avr/libraries/Ethernet/examples/WebClient/WebClient.ino	MegaCore:avr:2561:BOD=2v7,LTO=Os,clock=1MHz_internal	1.6.7	15596	691	1	false	0	0		0	
2019-01-14 02:58:51	70	70.47	https://travis-ci.org/MCUdude/MegaCore/jobs/479178843	push	false	false	master	4a9b0e1c299b8591dff764820877a420f6f8687d	6d84ff13ed9e...4a9b0e1c299b	Update pinout pic for 64-pin AVR	/home/travis/Arduino/hardware/MegaCore/avr/libraries/Ethernet/examples/WebClientRepeating/WebClientRepeating.ino	MegaCore:avr:2561:BOD=2v7,LTO=Os,clock=1MHz_internal	1.6.7	12180	567	1	false	0	0		0	
2019-01-14 02:58:57	70	70.47	https://travis-ci.org/MCUdude/MegaCore/jobs/479178843	push	false	false	master	4a9b0e1c299b8591dff764820877a420f6f8687d	6d84ff13ed9e...4a9b0e1c299b	Update pinout pic for 64-pin AVR	/home/travis/Arduino/hardware/MegaCore/avr/libraries/Ethernet/examples/WebServer/WebServer.ino	MegaCore:avr:2561:BOD=2v7,LTO=Os,clock=1MHz_internal	1.6.7	13562	576	1	false	0	0		0	
2019-01-14 02:59:03	70	70.47	https://travis-ci.org/MCUdude/MegaCore/jobs/479178843	push	false	false	master	4a9b0e1c299b8591dff764820877a420f6f8687d	6d84ff13ed9e...4a9b0e1c299b	Update pinout pic for 64-pin AVR	/home/travis/Arduino/hardware/MegaCore/avr/libraries/Ethernet/examples/UdpNtpClient/UdpNtpClient.ino	MegaCore:avr:2561:BOD=2v7,LTO=Os,clock=1MHz_internal	1.6.7	14026	641	1	false	0	0		0	
2019-01-14 02:59:09	70	70.47	https://travis-ci.org/MCUdude/MegaCore/jobs/479178843	push	false	false	master	4a9b0e1c299b8591dff764820877a420f6f8687d	6d84ff13ed9e...4a9b0e1c299b	Update pinout pic for 64-pin AVR	/home/travis/Arduino/hardware/MegaCore/avr/libraries/Ethernet/examples/DhcpChatServer/DhcpChatServer.ino	MegaCore:avr:2561:BOD=2v7,LTO=Os,clock=1MHz_internal	1.6.7	16712	665	1	false	0	0		0	
2019-01-14 02:59:15	70	70.47	https://travis-ci.org/MCUdude/MegaCore/jobs/479178843	push	false	false	master	4a9b0e1c299b8591dff764820877a420f6f8687d	6d84ff13ed9e...4a9b0e1c299b	Update pinout pic for 64-pin AVR	/home/travis/Arduino/hardware/MegaCore/avr/libraries/Ethernet/examples/DhcpAddressPrinter/DhcpAddressPrinter.ino	MegaCore:avr:2561:BOD=2v7,LTO=Os,clock=1MHz_internal	1.6.7	15334	631	1	false	0	0		0	
2019-01-14 02:59:21	70	70.47	https://travis-ci.org/MCUdude/MegaCore/jobs/479178843	push	false	false	master	4a9b0e1c299b8591dff764820877a420f6f8687d	6d84ff13ed9e...4a9b0e1c299b	Update pinout pic for 64-pin AVR	/home/travis/Arduino/hardware/MegaCore/avr/libraries/Ethernet/examples/TelnetClient/TelnetClient.ino	MegaCore:avr:2561:BOD=2v7,LTO=Os,clock=1MHz_internal	1.6.7	12032	463	1	false	0	0		0	
2019-01-14 02:59:27	70	70.47	https://travis-ci.org/MCUdude/MegaCore/jobs/479178843	push	false	false	master	4a9b0e1c299b8591dff764820877a420f6f8687d	6d84ff13ed9e...4a9b0e1c299b	Update pinout pic for 64-pin AVR	/home/travis/Arduino/hardware/MegaCore/avr/libraries/Ethernet/examples/UDPSendReceiveString/UDPSendReceiveString.ino	MegaCore:avr:2561:BOD=2v7,LTO=Os,clock=1MHz_internal	1.6.7	10800	467	1	false	0	0		0	
2019-01-14 02:59:32	70	70.47	https://travis-ci.org/MCUdude/MegaCore/jobs/479178843	push	false	false	master	4a9b0e1c299b8591dff764820877a420f6f8687d	6d84ff13ed9e...4a9b0e1c299b	Update pinout pic for 64-pin AVR	/home/travis/Arduino/hardware/MegaCore/avr/libraries/Ethernet/examples/ChatServer/ChatServer.ino	MegaCore:avr:2561:BOD=2v7,LTO=Os,clock=1MHz_internal	1.6.7	12622	479	1	false	0	0		0	
2019-01-14 02:59:37	70	70.47	https://travis-ci.org/MCUdude/MegaCore/jobs/479178843	push	false	false	master	4a9b0e1c299b8591dff764820877a420f6f8687d	6d84ff13ed9e...4a9b0e1c299b	Update pinout pic for 64-pin AVR	/home/travis/Arduino/hardware/MegaCore/avr/libraries/Wire/examples/slave_receiver/slave_receiver.ino	MegaCore:avr:2561:BOD=2v7,LTO=Os,clock=1MHz_internal	1.6.7	4426	409	1	false	0	0		0	
2019-01-14 02:59:42	70	70.47	https://travis-ci.org/MCUdude/MegaCore/jobs/479178843	push	false	false	master	4a9b0e1c299b8591dff764820877a420f6f8687d	6d84ff13ed9e...4a9b0e1c299b	Update pinout pic for 64-pin AVR	/home/travis/Arduino/hardware/MegaCore/avr/libraries/Wire/examples/i2c_scanner/i2c_scanner.ino	MegaCore:avr:2561:BOD=2v7,LTO=Os,clock=1MHz_internal	1.6.7	4638	522	0	false	0	0		0	
2019-01-14 02:59:47	70	70.47	https://travis-ci.org/MCUdude/MegaCore/jobs/479178843	push	false	false	master	4a9b0e1c299b8591dff764820877a420f6f8687d	6d84ff13ed9e...4a9b0e1c299b	Update pinout pic for 64-pin AVR	/home/travis/Arduino/hardware/MegaCore/avr/libraries/Wire/examples/digital_potentiometer/digital_potentiometer.ino	MegaCore:avr:2561:BOD=2v7,LTO=Os,clock=1MHz_internal	1.6.7	2900	218	0	false	0	0		0	
2019-01-14 02:59:52	70	70.47	https://travis-ci.org/MCUdude/MegaCore/jobs/479178843	push	false	false	master	4a9b0e1c299b8591dff764820877a420f6f8687d	6d84ff13ed9e...4a9b0e1c299b	Update pinout pic for 64-pin AVR	/home/travis/Arduino/hardware/MegaCore/avr/libraries/Wire/examples/SFRRanger_reader/SFRRanger_reader.ino	MegaCore:avr:2561:BOD=2v7,LTO=Os,clock=1MHz_internal	1.6.7	4924	408	0	false	0	0		0	
2019-01-14 02:59:57	70	70.47	https://travis-ci.org/MCUdude/MegaCore/jobs/479178843	push	false	false	master	4a9b0e1c299b8591dff764820877a420f6f8687d	6d84ff13ed9e...4a9b0e1c299b	Update pinout pic for 64-pin AVR	/home/travis/Arduino/hardware/MegaCore/avr/libraries/Wire/examples/slave_sender/slave_sender.ino	MegaCore:avr:2561:BOD=2v7,LTO=Os,clock=1MHz_internal	1.6.7	2838	228	0	false	0	0		0	
2019-01-14 03:00:02	70	70.47	https://travis-ci.org/MCUdude/MegaCore/jobs/479178843	push	false	false	master	4a9b0e1c299b8591dff764820877a420f6f8687d	6d84ff13ed9e...4a9b0e1c299b	Update pinout pic for 64-pin AVR	/home/travis/Arduino/hardware/MegaCore/avr/libraries/Wire/examples/master_reader/master_reader.ino	MegaCore:avr:2561:BOD=2v7,LTO=Os,clock=1MHz_internal	1.6.7	4390	390	0	false	0	0		0	
2019-01-14 03:00:07	70	70.47	https://travis-ci.org/MCUdude/MegaCore/jobs/479178843	push	false	false	master	4a9b0e1c299b8591dff764820877a420f6f8687d	6d84ff13ed9e...4a9b0e1c299b	Update pinout pic for 64-pin AVR	/home/travis/Arduino/hardware/MegaCore/avr/libraries/Wire/examples/master_writer/master_writer.ino	MegaCore:avr:2561:BOD=2v7,LTO=Os,clock=1MHz_internal	1.6.7	2914	224	0	false	0	0		0	
2019-01-14 03:00:12	70	70.47	https://travis-ci.org/MCUdude/MegaCore/jobs/479178843	push	false	false	master	4a9b0e1c299b8591dff764820877a420f6f8687d	6d84ff13ed9e...4a9b0e1c299b	Update pinout pic for 64-pin AVR	/home/travis/Arduino/hardware/MegaCore/avr/libraries/SPI/examples/BarometricPressureSensor/BarometricPressureSensor.ino	MegaCore:avr:2561:BOD=2v7,LTO=Os,clock=1MHz_internal	1.6.7	7186	235	1	false	0	0		0	
2019-01-14 03:00:17	70	70.47	https://travis-ci.org/MCUdude/MegaCore/jobs/479178843	push	false	false	master	4a9b0e1c299b8591dff764820877a420f6f8687d	6d84ff13ed9e...4a9b0e1c299b	Update pinout pic for 64-pin AVR	/home/travis/Arduino/hardware/MegaCore/avr/libraries/SPI/examples/DigitalPotControl/DigitalPotControl.ino	MegaCore:avr:2561:BOD=2v7,LTO=Os,clock=1MHz_internal	1.6.7	1826	10	0	false	0	0		0	
2019-01-14 03:00:24	70	70.47	https://travis-ci.org/MCUdude/MegaCore/jobs/479178843	push	false	false	master	4a9b0e1c299b8591dff764820877a420f6f8687d	6d84ff13ed9e...4a9b0e1c299b	Update pinout pic for 64-pin AVR	/home/travis/Arduino/hardware/MegaCore/avr/libraries/EEPROM/examples/eeprom_update/eeprom_update.ino	MegaCore:avr:2561:BOD=2v7,LTO=Os,clock=1MHz_internal	1.6.8	1072	13	1	false	0	0		0	
2019-01-14 03:00:29	70	70.47	https://travis-ci.org/MCUdude/MegaCore/jobs/479178843	push	false	false	master	4a9b0e1c299b8591dff764820877a420f6f8687d	6d84ff13ed9e...4a9b0e1c299b	Update pinout pic for 64-pin AVR	/home/travis/Arduino/hardware/MegaCore/avr/libraries/EEPROM/examples/eeprom_crc/eeprom_crc.ino	MegaCore:avr:2561:BOD=2v7,LTO=Os,clock=1MHz_internal	1.6.8	2676	310	1	false	0	0		0	
2019-01-14 03:00:34	70	70.47	https://travis-ci.org/MCUdude/MegaCore/jobs/479178843	push	false	false	master	4a9b0e1c299b8591dff764820877a420f6f8687d	6d84ff13ed9e...4a9b0e1c299b	Update pinout pic for 64-pin AVR	/home/travis/Arduino/hardware/MegaCore/avr/libraries/EEPROM/examples/eeprom_iteration/eeprom_iteration.ino	MegaCore:avr:2561:BOD=2v7,LTO=Os,clock=1MHz_internal	1.6.8	850	9	3	false	0	0		0	
2019-01-14 03:00:39	70	70.47	https://travis-ci.org/MCUdude/MegaCore/jobs/479178843	push	false	false	master	4a9b0e1c299b8591dff764820877a420f6f8687d	6d84ff13ed9e...4a9b0e1c299b	Update pinout pic for 64-pin AVR	/home/travis/Arduino/hardware/MegaCore/avr/libraries/EEPROM/examples/eeprom_put/eeprom_put.ino	MegaCore:avr:2561:BOD=2v7,LTO=Os,clock=1MHz_internal	1.6.8	2400	340	0	false	0	0		0	
2019-01-14 03:00:44	70	70.47	https://travis-ci.org/MCUdude/MegaCore/jobs/479178843	push	false	false	master	4a9b0e1c299b8591dff764820877a420f6f8687d	6d84ff13ed9e...4a9b0e1c299b	Update pinout pic for 64-pin AVR	/home/travis/Arduino/hardware/MegaCore/avr/libraries/EEPROM/examples/eeprom_clear/eeprom_clear.ino	MegaCore:avr:2561:BOD=2v7,LTO=Os,clock=1MHz_internal	1.6.8	1256	9	1	false	0	0		0	
2019-01-14 03:00:48	70	70.47	https://travis-ci.org/MCUdude/MegaCore/jobs/479178843	push	false	false	master	4a9b0e1c299b8591dff764820877a420f6f8687d	6d84ff13ed9e...4a9b0e1c299b	Update pinout pic for 64-pin AVR	/home/travis/Arduino/hardware/MegaCore/avr/libraries/EEPROM/examples/eeprom_read/eeprom_read.ino	MegaCore:avr:2561:BOD=2v7,LTO=Os,clock=1MHz_internal	1.6.8	2616	203	1	false	0	0		0	
2019-01-14 03:00:53	70	70.47	https://travis-ci.org/MCUdude/MegaCore/jobs/479178843	push	false	false	master	4a9b0e1c299b8591dff764820877a420f6f8687d	6d84ff13ed9e...4a9b0e1c299b	Update pinout pic for 64-pin AVR	/home/travis/Arduino/hardware/MegaCore/avr/libraries/EEPROM/examples/eeprom_get/eeprom_get.ino	MegaCore:avr:2561:BOD=2v7,LTO=Os,clock=1MHz_internal	1.6.8	4154	256	0	false	0	0		0	
2019-01-14 03:00:58	70	70.47	https://travis-ci.org/MCUdude/MegaCore/jobs/479178843	push	false	false	master	4a9b0e1c299b8591dff764820877a420f6f8687d	6d84ff13ed9e...4a9b0e1c299b	Update pinout pic for 64-pin AVR	/home/travis/Arduino/hardware/MegaCore/avr/libraries/EEPROM/examples/eeprom_write/eeprom_write.ino	MegaCore:avr:2561:BOD=2v7,LTO=Os,clock=1MHz_internal	1.6.8	1022	13	1	false	0	0		0	
2019-01-14 03:01:03	70	70.47	https://travis-ci.org/MCUdude/MegaCore/jobs/479178843	push	false	false	master	4a9b0e1c299b8591dff764820877a420f6f8687d	6d84ff13ed9e...4a9b0e1c299b	Update pinout pic for 64-pin AVR	/home/travis/Arduino/hardware/MegaCore/avr/libraries/SoftwareSerial/examples/TwoPortReceive/TwoPortReceive.ino	MegaCore:avr:2561:BOD=2v7,LTO=Os,clock=1MHz_internal	1.6.8	5690	400	0	false	0	0		0	
2019-01-14 03:01:08	70	70.47	https://travis-ci.org/MCUdude/MegaCore/jobs/479178843	push	false	false	master	4a9b0e1c299b8591dff764820877a420f6f8687d	6d84ff13ed9e...4a9b0e1c299b	Update pinout pic for 64-pin AVR	/home/travis/Arduino/hardware/MegaCore/avr/libraries/SoftwareSerial/examples/SoftwareSerialExample/SoftwareSerialExample.ino	MegaCore:avr:2561:BOD=2v7,LTO=Os,clock=1MHz_internal	1.6.8	5604	359	0	false	0	0		0	
2019-01-14 03:01:14	70	70.47	https://travis-ci.org/MCUdude/MegaCore/jobs/479178843	push	false	false	master	4a9b0e1c299b8591dff764820877a420f6f8687d	6d84ff13ed9e...4a9b0e1c299b	Update pinout pic for 64-pin AVR	/home/travis/Arduino/hardware/MegaCore/avr/libraries/SD/examples/ReadWrite/ReadWrite.ino	MegaCore:avr:2561:BOD=2v7,LTO=Os,clock=1MHz_internal	1.6.8	13388	1006	5	false	0	0		0	
2019-01-14 03:01:20	70	70.47	https://travis-ci.org/MCUdude/MegaCore/jobs/479178843	push	false	false	master	4a9b0e1c299b8591dff764820877a420f6f8687d	6d84ff13ed9e...4a9b0e1c299b	Update pinout pic for 64-pin AVR	/home/travis/Arduino/hardware/MegaCore/avr/libraries/SD/examples/Files/Files.ino	MegaCore:avr:2561:BOD=2v7,LTO=Os,clock=1MHz_internal	1.6.8	14010	1040	5	false	0	0		0	
2019-01-14 03:01:26	70	70.47	https://travis-ci.org/MCUdude/MegaCore/jobs/479178843	push	false	false	master	4a9b0e1c299b8591dff764820877a420f6f8687d	6d84ff13ed9e...4a9b0e1c299b	Update pinout pic for 64-pin AVR	/home/travis/Arduino/hardware/MegaCore/avr/libraries/SD/examples/Datalogger/Datalogger.ino	MegaCore:avr:2561:BOD=2v7,LTO=Os,clock=1MHz_internal	1.6.8	14442	937	5	false	0	0		0	
2019-01-14 03:01:32	70	70.47	https://travis-ci.org/MCUdude/MegaCore/jobs/479178843	push	false	false	master	4a9b0e1c299b8591dff764820877a420f6f8687d	6d84ff13ed9e...4a9b0e1c299b	Update pinout pic for 64-pin AVR	/home/travis/Arduino/hardware/MegaCore/avr/libraries/SD/examples/CardInfo/CardInfo.ino	MegaCore:avr:2561:BOD=2v7,LTO=Os,clock=1MHz_internal	1.6.8	11928	1364	5	false	0	0		0	
2019-01-14 03:01:38	70	70.47	https://travis-ci.org/MCUdude/MegaCore/jobs/479178843	push	false	false	master	4a9b0e1c299b8591dff764820877a420f6f8687d	6d84ff13ed9e...4a9b0e1c299b	Update pinout pic for 64-pin AVR	/home/travis/Arduino/hardware/MegaCore/avr/libraries/SD/examples/listfiles/listfiles.ino	MegaCore:avr:2561:BOD=2v7,LTO=Os,clock=1MHz_internal	1.6.8	14118	942	5	false	0	0		0	
2019-01-14 03:01:44	70	70.47	https://travis-ci.org/MCUdude/MegaCore/jobs/479178843	push	false	false	master	4a9b0e1c299b8591dff764820877a420f6f8687d	6d84ff13ed9e...4a9b0e1c299b	Update pinout pic for 64-pin AVR	/home/travis/Arduino/hardware/MegaCore/avr/libraries/SD/examples/DumpFile/DumpFile.ino	MegaCore:avr:2561:BOD=2v7,LTO=Os,clock=1MHz_internal	1.6.8	13058	935	5	false	0	0		0	
2019-01-14 03:01:49	70	70.47	https://travis-ci.org/MCUdude/MegaCore/jobs/479178843	push	false	false	master	4a9b0e1c299b8591dff764820877a420f6f8687d	6d84ff13ed9e...4a9b0e1c299b	Update pinout pic for 64-pin AVR	/home/travis/Arduino/hardware/MegaCore/avr/libraries/Timer/examples/Events/Events.ino	MegaCore:avr:2561:BOD=2v7,LTO=Os,clock=1MHz_internal	1.6.8	4368	550	0	false	0	0		0	
2019-01-14 03:01:54	70	70.47	https://travis-ci.org/MCUdude/MegaCore/jobs/479178843	push	false	false	master	4a9b0e1c299b8591dff764820877a420f6f8687d	6d84ff13ed9e...4a9b0e1c299b	Update pinout pic for 64-pin AVR	/home/travis/Arduino/hardware/MegaCore/avr/libraries/Timer/examples/Multitasking/Multitasking.ino	MegaCore:avr:2561:BOD=2v7,LTO=Os,clock=1MHz_internal	1.6.8	3866	454	1	false	0	0		0	
2019-01-14 03:01:59	70	70.47	https://travis-ci.org/MCUdude/MegaCore/jobs/479178843	push	false	false	master	4a9b0e1c299b8591dff764820877a420f6f8687d	6d84ff13ed9e...4a9b0e1c299b	Update pinout pic for 64-pin AVR	/home/travis/Arduino/hardware/MegaCore/avr/libraries/Timer/examples/Pin_high_10_minutes/Pin_high_10_minutes.ino	MegaCore:avr:2561:BOD=2v7,LTO=Os,clock=1MHz_internal	1.6.8	1972	205	1	false	0	0		0	
2019-01-14 03:02:04	70	70.47	https://travis-ci.org/MCUdude/MegaCore/jobs/479178843	push	false	false	master	4a9b0e1c299b8591dff764820877a420f6f8687d	6d84ff13ed9e...4a9b0e1c299b	Update pinout pic for 64-pin AVR	/home/travis/Arduino/hardware/MegaCore/avr/libraries/Timer/examples/TimerTest/TimerTest.ino	MegaCore:avr:2561:BOD=2v7,LTO=Os,clock=1MHz_internal	1.6.8	1936	203	0	false	0	0		0	
2019-01-14 03:02:09	70	70.47	https://travis-ci.org/MCUdude/MegaCore/jobs/479178843	push	false	false	master	4a9b0e1c299b8591dff764820877a420f6f8687d	6d84ff13ed9e...4a9b0e1c299b	Update pinout pic for 64-pin AVR	/home/travis/Arduino/hardware/MegaCore/avr/libraries/Optiboot_flasher/examples/SerialReadWrite/SerialReadWrite.ino	MegaCore:avr:2561:BOD=2v7,LTO=Os,clock=1MHz_internal	1.6.8	8018	465	0	false	0	0		0	
2019-01-14 03:02:14	70	70.47	https://travis-ci.org/MCUdude/MegaCore/jobs/479178843	push	false	false	master	4a9b0e1c299b8591dff764820877a420f6f8687d	6d84ff13ed9e...4a9b0e1c299b	Update pinout pic for 64-pin AVR	/home/travis/Arduino/hardware/MegaCore/avr/libraries/Servo/examples/Sweep/Sweep.ino	MegaCore:avr:2561:BOD=2v7,LTO=Os,clock=1MHz_internal	1.6.8	3342	93	0	false	0	0		0	
2019-01-14 03:02:19	70	70.47	https://travis-ci.org/MCUdude/MegaCore/jobs/479178843	push	false	false	master	4a9b0e1c299b8591dff764820877a420f6f8687d	6d84ff13ed9e...4a9b0e1c299b	Update pinout pic for 64-pin AVR	/home/travis/Arduino/hardware/MegaCore/avr/libraries/Servo/examples/Knob/Knob.ino	MegaCore:avr:2561:BOD=2v7,LTO=Os,clock=1MHz_internal	1.6.8	3420	97	0	false	0	0		0	
2019-01-14 03:02:24	70	70.47	https://travis-ci.org/MCUdude/MegaCore/jobs/479178843	push	false	false	master	4a9b0e1c299b8591dff764820877a420f6f8687d	6d84ff13ed9e...4a9b0e1c299b	Update pinout pic for 64-pin AVR	/home/travis/Arduino/hardware/MegaCore/avr/libraries/AVR_examples/examples/Measure_period_length/Measure_period_length.ino	MegaCore:avr:2561:BOD=2v7,LTO=Os,clock=1MHz_internal	1.6.8	1936	200	0	false	0	0		0	
2019-01-14 03:02:29	70	70.47	https://travis-ci.org/MCUdude/MegaCore/jobs/479178843	push	false	false	master	4a9b0e1c299b8591dff764820877a420f6f8687d	6d84ff13ed9e...4a9b0e1c299b	Update pinout pic for 64-pin AVR	/home/travis/Arduino/hardware/MegaCore/avr/libraries/AVR_examples/examples/Watch_dog_timer/Watch_dog_timer.ino	MegaCore:avr:2561:BOD=2v7,LTO=Os,clock=1MHz_internal	1.6.8	338	2	0	false	0	0		0	
2019-01-14 03:02:34	70	70.47	https://travis-ci.org/MCUdude/MegaCore/jobs/479178843	push	false	false	master	4a9b0e1c299b8591dff764820877a420f6f8687d	6d84ff13ed9e...4a9b0e1c299b	Update pinout pic for 64-pin AVR	/home/travis/Arduino/hardware/MegaCore/avr/libraries/AVR_examples/examples/Blink_using_Timer0/Blink_using_Timer0.ino	MegaCore:avr:2561:BOD=2v7,LTO=Os,clock=1MHz_internal	1.6.8	346	3	0	false	0	0		0	
2019-01-14 03:02:38	70	70.47	https://travis-ci.org/MCUdude/MegaCore/jobs/479178843	push	false	false	master	4a9b0e1c299b8591dff764820877a420f6f8687d	6d84ff13ed9e...4a9b0e1c299b	Update pinout pic for 64-pin AVR	/home/travis/Arduino/hardware/MegaCore/avr/libraries/AVR_examples/examples/Read_port_write_port/Read_port_write_port.ino	MegaCore:avr:2561:BOD=2v7,LTO=Os,clock=1MHz_internal	1.6.8	248	0	0	false	0	0		0	
2019-01-14 03:02:43	70	70.47	https://travis-ci.org/MCUdude/MegaCore/jobs/479178843	push	false	false	master	4a9b0e1c299b8591dff764820877a420f6f8687d	6d84ff13ed9e...4a9b0e1c299b	Update pinout pic for 64-pin AVR	/home/travis/Arduino/hardware/MegaCore/avr/libraries/AVR_examples/examples/Blink/Blink.ino	MegaCore:avr:2561:BOD=2v7,LTO=Os,clock=1MHz_internal	1.6.8	280	0	0	false	0	0		0	
2019-01-14 03:02:50	70	70.47	https://travis-ci.org/MCUdude/MegaCore/jobs/479178843	push	false	false	master	4a9b0e1c299b8591dff764820877a420f6f8687d	6d84ff13ed9e...4a9b0e1c299b	Update pinout pic for 64-pin AVR	/home/travis/Arduino/hardware/MegaCore/avr/libraries/Ethernet/examples/AdvancedChatServer/AdvancedChatServer.ino	MegaCore:avr:2561:BOD=2v7,LTO=Os,clock=1MHz_internal	1.6.8	13042	538	1	false	0	0		0	
2019-01-14 03:02:56	70	70.47	https://travis-ci.org/MCUdude/MegaCore/jobs/479178843	push	false	false	master	4a9b0e1c299b8591dff764820877a420f6f8687d	6d84ff13ed9e...4a9b0e1c299b	Update pinout pic for 64-pin AVR	/home/travis/Arduino/hardware/MegaCore/avr/libraries/Ethernet/examples/BarometricPressureWebServer/BarometricPressureWebServer.ino	MegaCore:avr:2561:BOD=2v7,LTO=Os,clock=1MHz_internal	1.6.8	17198	542	3	false	0	0		0	
2019-01-14 03:03:02	70	70.47	https://travis-ci.org/MCUdude/MegaCore/jobs/479178843	push	false	false	master	4a9b0e1c299b8591dff764820877a420f6f8687d	6d84ff13ed9e...4a9b0e1c299b	Update pinout pic for 64-pin AVR	/home/travis/Arduino/hardware/MegaCore/avr/libraries/Ethernet/examples/WebClient/WebClient.ino	MegaCore:avr:2561:BOD=2v7,LTO=Os,clock=1MHz_internal	1.6.8	15596	691	1	false	0	0		0	
2019-01-14 03:03:08	70	70.47	https://travis-ci.org/MCUdude/MegaCore/jobs/479178843	push	false	false	master	4a9b0e1c299b8591dff764820877a420f6f8687d	6d84ff13ed9e...4a9b0e1c299b	Update pinout pic for 64-pin AVR	/home/travis/Arduino/hardware/MegaCore/avr/libraries/Ethernet/examples/WebClientRepeating/WebClientRepeating.ino	MegaCore:avr:2561:BOD=2v7,LTO=Os,clock=1MHz_internal	1.6.8	12180	567	1	false	0	0		0	
2019-01-14 03:03:14	70	70.47	https://travis-ci.org/MCUdude/MegaCore/jobs/479178843	push	false	false	master	4a9b0e1c299b8591dff764820877a420f6f8687d	6d84ff13ed9e...4a9b0e1c299b	Update pinout pic for 64-pin AVR	/home/travis/Arduino/hardware/MegaCore/avr/libraries/Ethernet/examples/WebServer/WebServer.ino	MegaCore:avr:2561:BOD=2v7,LTO=Os,clock=1MHz_internal	1.6.8	13562	576	1	false	0	0		0	
2019-01-14 03:03:20	70	70.47	https://travis-ci.org/MCUdude/MegaCore/jobs/479178843	push	false	false	master	4a9b0e1c299b8591dff764820877a420f6f8687d	6d84ff13ed9e...4a9b0e1c299b	Update pinout pic for 64-pin AVR	/home/travis/Arduino/hardware/MegaCore/avr/libraries/Ethernet/examples/UdpNtpClient/UdpNtpClient.ino	MegaCore:avr:2561:BOD=2v7,LTO=Os,clock=1MHz_internal	1.6.8	14026	641	1	false	0	0		0	
2019-01-14 03:03:26	70	70.47	https://travis-ci.org/MCUdude/MegaCore/jobs/479178843	push	false	false	master	4a9b0e1c299b8591dff764820877a420f6f8687d	6d84ff13ed9e...4a9b0e1c299b	Update pinout pic for 64-pin AVR	/home/travis/Arduino/hardware/MegaCore/avr/libraries/Ethernet/examples/DhcpChatServer/DhcpChatServer.ino	MegaCore:avr:2561:BOD=2v7,LTO=Os,clock=1MHz_internal	1.6.8	16712	665	1	false	0	0		0	
2019-01-14 03:03:32	70	70.47	https://travis-ci.org/MCUdude/MegaCore/jobs/479178843	push	false	false	master	4a9b0e1c299b8591dff764820877a420f6f8687d	6d84ff13ed9e...4a9b0e1c299b	Update pinout pic for 64-pin AVR	/home/travis/Arduino/hardware/MegaCore/avr/libraries/Ethernet/examples/DhcpAddressPrinter/DhcpAddressPrinter.ino	MegaCore:avr:2561:BOD=2v7,LTO=Os,clock=1MHz_internal	1.6.8	15334	631	1	false	0	0		0	
2019-01-14 03:03:38	70	70.47	https://travis-ci.org/MCUdude/MegaCore/jobs/479178843	push	false	false	master	4a9b0e1c299b8591dff764820877a420f6f8687d	6d84ff13ed9e...4a9b0e1c299b	Update pinout pic for 64-pin AVR	/home/travis/Arduino/hardware/MegaCore/avr/libraries/Ethernet/examples/TelnetClient/TelnetClient.ino	MegaCore:avr:2561:BOD=2v7,LTO=Os,clock=1MHz_internal	1.6.8	12032	463	1	false	0	0		0	
2019-01-14 03:03:44	70	70.47	https://travis-ci.org/MCUdude/MegaCore/jobs/479178843	push	false	false	master	4a9b0e1c299b8591dff764820877a420f6f8687d	6d84ff13ed9e...4a9b0e1c299b	Update pinout pic for 64-pin AVR	/home/travis/Arduino/hardware/MegaCore/avr/libraries/Ethernet/examples/UDPSendReceiveString/UDPSendReceiveString.ino	MegaCore:avr:2561:BOD=2v7,LTO=Os,clock=1MHz_internal	1.6.8	10800	467	1	false	0	0		0	
2019-01-14 03:03:50	70	70.47	https://travis-ci.org/MCUdude/MegaCore/jobs/479178843	push	false	false	master	4a9b0e1c299b8591dff764820877a420f6f8687d	6d84ff13ed9e...4a9b0e1c299b	Update pinout pic for 64-pin AVR	/home/travis/Arduino/hardware/MegaCore/avr/libraries/Ethernet/examples/ChatServer/ChatServer.ino	MegaCore:avr:2561:BOD=2v7,LTO=Os,clock=1MHz_internal	1.6.8	12622	479	1	false	0	0		0	
2019-01-14 03:03:55	70	70.47	https://travis-ci.org/MCUdude/MegaCore/jobs/479178843	push	false	false	master	4a9b0e1c299b8591dff764820877a420f6f8687d	6d84ff13ed9e...4a9b0e1c299b	Update pinout pic for 64-pin AVR	/home/travis/Arduino/hardware/MegaCore/avr/libraries/Wire/examples/slave_receiver/slave_receiver.ino	MegaCore:avr:2561:BOD=2v7,LTO=Os,clock=1MHz_internal	1.6.8	4426	409	1	false	0	0		0	
2019-01-14 03:04:00	70	70.47	https://travis-ci.org/MCUdude/MegaCore/jobs/479178843	push	false	false	master	4a9b0e1c299b8591dff764820877a420f6f8687d	6d84ff13ed9e...4a9b0e1c299b	Update pinout pic for 64-pin AVR	/home/travis/Arduino/hardware/MegaCore/avr/libraries/Wire/examples/i2c_scanner/i2c_scanner.ino	MegaCore:avr:2561:BOD=2v7,LTO=Os,clock=1MHz_internal	1.6.8	4638	522	0	false	0	0		0	
2019-01-14 03:04:05	70	70.47	https://travis-ci.org/MCUdude/MegaCore/jobs/479178843	push	false	false	master	4a9b0e1c299b8591dff764820877a420f6f8687d	6d84ff13ed9e...4a9b0e1c299b	Update pinout pic for 64-pin AVR	/home/travis/Arduino/hardware/MegaCore/avr/libraries/Wire/examples/digital_potentiometer/digital_potentiometer.ino	MegaCore:avr:2561:BOD=2v7,LTO=Os,clock=1MHz_internal	1.6.8	2900	218	0	false	0	0		0	
2019-01-14 03:04:10	70	70.47	https://travis-ci.org/MCUdude/MegaCore/jobs/479178843	push	false	false	master	4a9b0e1c299b8591dff764820877a420f6f8687d	6d84ff13ed9e...4a9b0e1c299b	Update pinout pic for 64-pin AVR	/home/travis/Arduino/hardware/MegaCore/avr/libraries/Wire/examples/SFRRanger_reader/SFRRanger_reader.ino	MegaCore:avr:2561:BOD=2v7,LTO=Os,clock=1MHz_internal	1.6.8	4924	408	0	false	0	0		0	
2019-01-14 03:04:15	70	70.47	https://travis-ci.org/MCUdude/MegaCore/jobs/479178843	push	false	false	master	4a9b0e1c299b8591dff764820877a420f6f8687d	6d84ff13ed9e...4a9b0e1c299b	Update pinout pic for 64-pin AVR	/home/travis/Arduino/hardware/MegaCore/avr/libraries/Wire/examples/slave_sender/slave_sender.ino	MegaCore:avr:2561:BOD=2v7,LTO=Os,clock=1MHz_internal	1.6.8	2838	228	0	false	0	0		0	
2019-01-14 03:04:20	70	70.47	https://travis-ci.org/MCUdude/MegaCore/jobs/479178843	push	false	false	master	4a9b0e1c299b8591dff764820877a420f6f8687d	6d84ff13ed9e...4a9b0e1c299b	Update pinout pic for 64-pin AVR	/home/travis/Arduino/hardware/MegaCore/avr/libraries/Wire/examples/master_reader/master_reader.ino	MegaCore:avr:2561:BOD=2v7,LTO=Os,clock=1MHz_internal	1.6.8	4390	390	0	false	0	0		0	
2019-01-14 03:04:25	70	70.47	https://travis-ci.org/MCUdude/MegaCore/jobs/479178843	push	false	false	master	4a9b0e1c299b8591dff764820877a420f6f8687d	6d84ff13ed9e...4a9b0e1c299b	Update pinout pic for 64-pin AVR	/home/travis/Arduino/hardware/MegaCore/avr/libraries/Wire/examples/master_writer/master_writer.ino	MegaCore:avr:2561:BOD=2v7,LTO=Os,clock=1MHz_internal	1.6.8	2914	224	0	false	0	0		0	
2019-01-14 03:04:30	70	70.47	https://travis-ci.org/MCUdude/MegaCore/jobs/479178843	push	false	false	master	4a9b0e1c299b8591dff764820877a420f6f8687d	6d84ff13ed9e...4a9b0e1c299b	Update pinout pic for 64-pin AVR	/home/travis/Arduino/hardware/MegaCore/avr/libraries/SPI/examples/BarometricPressureSensor/BarometricPressureSensor.ino	MegaCore:avr:2561:BOD=2v7,LTO=Os,clock=1MHz_internal	1.6.8	7186	235	1	false	0	0		0	
2019-01-14 03:04:35	70	70.47	https://travis-ci.org/MCUdude/MegaCore/jobs/479178843	push	false	false	master	4a9b0e1c299b8591dff764820877a420f6f8687d	6d84ff13ed9e...4a9b0e1c299b	Update pinout pic for 64-pin AVR	/home/travis/Arduino/hardware/MegaCore/avr/libraries/SPI/examples/DigitalPotControl/DigitalPotControl.ino	MegaCore:avr:2561:BOD=2v7,LTO=Os,clock=1MHz_internal	1.6.8	1826	10	0	false	0	0		0	
2019-01-14 03:04:42	70	70.47	https://travis-ci.org/MCUdude/MegaCore/jobs/479178843	push	false	false	master	4a9b0e1c299b8591dff764820877a420f6f8687d	6d84ff13ed9e...4a9b0e1c299b	Update pinout pic for 64-pin AVR	/home/travis/Arduino/hardware/MegaCore/avr/libraries/EEPROM/examples/eeprom_update/eeprom_update.ino	MegaCore:avr:2561:BOD=2v7,LTO=Os,clock=1MHz_internal	1.6.9	1072	13	1	false	0	0		0	
2019-01-14 03:04:47	70	70.47	https://travis-ci.org/MCUdude/MegaCore/jobs/479178843	push	false	false	master	4a9b0e1c299b8591dff764820877a420f6f8687d	6d84ff13ed9e...4a9b0e1c299b	Update pinout pic for 64-pin AVR	/home/travis/Arduino/hardware/MegaCore/avr/libraries/EEPROM/examples/eeprom_crc/eeprom_crc.ino	MegaCore:avr:2561:BOD=2v7,LTO=Os,clock=1MHz_internal	1.6.9	2676	310	1	false	0	0		0	
2019-01-14 03:04:52	70	70.47	https://travis-ci.org/MCUdude/MegaCore/jobs/479178843	push	false	false	master	4a9b0e1c299b8591dff764820877a420f6f8687d	6d84ff13ed9e...4a9b0e1c299b	Update pinout pic for 64-pin AVR	/home/travis/Arduino/hardware/MegaCore/avr/libraries/EEPROM/examples/eeprom_iteration/eeprom_iteration.ino	MegaCore:avr:2561:BOD=2v7,LTO=Os,clock=1MHz_internal	1.6.9	850	9	3	false	0	0		0	
2019-01-14 03:04:57	70	70.47	https://travis-ci.org/MCUdude/MegaCore/jobs/479178843	push	false	false	master	4a9b0e1c299b8591dff764820877a420f6f8687d	6d84ff13ed9e...4a9b0e1c299b	Update pinout pic for 64-pin AVR	/home/travis/Arduino/hardware/MegaCore/avr/libraries/EEPROM/examples/eeprom_put/eeprom_put.ino	MegaCore:avr:2561:BOD=2v7,LTO=Os,clock=1MHz_internal	1.6.9	2400	340	0	false	0	0		0	
2019-01-14 03:05:02	70	70.47	https://travis-ci.org/MCUdude/MegaCore/jobs/479178843	push	false	false	master	4a9b0e1c299b8591dff764820877a420f6f8687d	6d84ff13ed9e...4a9b0e1c299b	Update pinout pic for 64-pin AVR	/home/travis/Arduino/hardware/MegaCore/avr/libraries/EEPROM/examples/eeprom_clear/eeprom_clear.ino	MegaCore:avr:2561:BOD=2v7,LTO=Os,clock=1MHz_internal	1.6.9	1256	9	1	false	0	0		0	
2019-01-14 03:05:07	70	70.47	https://travis-ci.org/MCUdude/MegaCore/jobs/479178843	push	false	false	master	4a9b0e1c299b8591dff764820877a420f6f8687d	6d84ff13ed9e...4a9b0e1c299b	Update pinout pic for 64-pin AVR	/home/travis/Arduino/hardware/MegaCore/avr/libraries/EEPROM/examples/eeprom_read/eeprom_read.ino	MegaCore:avr:2561:BOD=2v7,LTO=Os,clock=1MHz_internal	1.6.9	2616	203	1	false	0	0		0	
2019-01-14 03:05:11	70	70.47	https://travis-ci.org/MCUdude/MegaCore/jobs/479178843	push	false	false	master	4a9b0e1c299b8591dff764820877a420f6f8687d	6d84ff13ed9e...4a9b0e1c299b	Update pinout pic for 64-pin AVR	/home/travis/Arduino/hardware/MegaCore/avr/libraries/EEPROM/examples/eeprom_get/eeprom_get.ino	MegaCore:avr:2561:BOD=2v7,LTO=Os,clock=1MHz_internal	1.6.9	4154	256	0	false	0	0		0	
2019-01-14 03:05:16	70	70.47	https://travis-ci.org/MCUdude/MegaCore/jobs/479178843	push	false	false	master	4a9b0e1c299b8591dff764820877a420f6f8687d	6d84ff13ed9e...4a9b0e1c299b	Update pinout pic for 64-pin AVR	/home/travis/Arduino/hardware/MegaCore/avr/libraries/EEPROM/examples/eeprom_write/eeprom_write.ino	MegaCore:avr:2561:BOD=2v7,LTO=Os,clock=1MHz_internal	1.6.9	1022	13	1	false	0	0		0	
2019-01-14 03:05:21	70	70.47	https://travis-ci.org/MCUdude/MegaCore/jobs/479178843	push	false	false	master	4a9b0e1c299b8591dff764820877a420f6f8687d	6d84ff13ed9e...4a9b0e1c299b	Update pinout pic for 64-pin AVR	/home/travis/Arduino/hardware/MegaCore/avr/libraries/SoftwareSerial/examples/TwoPortReceive/TwoPortReceive.ino	MegaCore:avr:2561:BOD=2v7,LTO=Os,clock=1MHz_internal	1.6.9	5690	400	0	false	0	0		0	
2019-01-14 03:05:26	70	70.47	https://travis-ci.org/MCUdude/MegaCore/jobs/479178843	push	false	false	master	4a9b0e1c299b8591dff764820877a420f6f8687d	6d84ff13ed9e...4a9b0e1c299b	Update pinout pic for 64-pin AVR	/home/travis/Arduino/hardware/MegaCore/avr/libraries/SoftwareSerial/examples/SoftwareSerialExample/SoftwareSerialExample.ino	MegaCore:avr:2561:BOD=2v7,LTO=Os,clock=1MHz_internal	1.6.9	5604	359	0	false	0	0		0	
2019-01-14 03:05:32	70	70.47	https://travis-ci.org/MCUdude/MegaCore/jobs/479178843	push	false	false	master	4a9b0e1c299b8591dff764820877a420f6f8687d	6d84ff13ed9e...4a9b0e1c299b	Update pinout pic for 64-pin AVR	/home/travis/Arduino/hardware/MegaCore/avr/libraries/SD/examples/ReadWrite/ReadWrite.ino	MegaCore:avr:2561:BOD=2v7,LTO=Os,clock=1MHz_internal	1.6.9	13388	1006	5	false	0	0		0	
2019-01-14 03:05:38	70	70.47	https://travis-ci.org/MCUdude/MegaCore/jobs/479178843	push	false	false	master	4a9b0e1c299b8591dff764820877a420f6f8687d	6d84ff13ed9e...4a9b0e1c299b	Update pinout pic for 64-pin AVR	/home/travis/Arduino/hardware/MegaCore/avr/libraries/SD/examples/Files/Files.ino	MegaCore:avr:2561:BOD=2v7,LTO=Os,clock=1MHz_internal	1.6.9	14010	1040	5	false	0	0		0	
2019-01-14 03:05:44	70	70.47	https://travis-ci.org/MCUdude/MegaCore/jobs/479178843	push	false	false	master	4a9b0e1c299b8591dff764820877a420f6f8687d	6d84ff13ed9e...4a9b0e1c299b	Update pinout pic for 64-pin AVR	/home/travis/Arduino/hardware/MegaCore/avr/libraries/SD/examples/Datalogger/Datalogger.ino	MegaCore:avr:2561:BOD=2v7,LTO=Os,clock=1MHz_internal	1.6.9	14442	937	5	false	0	0		0	
2019-01-14 03:05:50	70	70.47	https://travis-ci.org/MCUdude/MegaCore/jobs/479178843	push	false	false	master	4a9b0e1c299b8591dff764820877a420f6f8687d	6d84ff13ed9e...4a9b0e1c299b	Update pinout pic for 64-pin AVR	/home/travis/Arduino/hardware/MegaCore/avr/libraries/SD/examples/CardInfo/CardInfo.ino	MegaCore:avr:2561:BOD=2v7,LTO=Os,clock=1MHz_internal	1.6.9	11928	1364	5	false	0	0		0	
2019-01-14 03:05:56	70	70.47	https://travis-ci.org/MCUdude/MegaCore/jobs/479178843	push	false	false	master	4a9b0e1c299b8591dff764820877a420f6f8687d	6d84ff13ed9e...4a9b0e1c299b	Update pinout pic for 64-pin AVR	/home/travis/Arduino/hardware/MegaCore/avr/libraries/SD/examples/listfiles/listfiles.ino	MegaCore:avr:2561:BOD=2v7,LTO=Os,clock=1MHz_internal	1.6.9	14118	942	5	false	0	0		0	
2019-01-14 03:06:02	70	70.47	https://travis-ci.org/MCUdude/MegaCore/jobs/479178843	push	false	false	master	4a9b0e1c299b8591dff764820877a420f6f8687d	6d84ff13ed9e...4a9b0e1c299b	Update pinout pic for 64-pin AVR	/home/travis/Arduino/hardware/MegaCore/avr/libraries/SD/examples/DumpFile/DumpFile.ino	MegaCore:avr:2561:BOD=2v7,LTO=Os,clock=1MHz_internal	1.6.9	13058	935	5	false	0	0		0	
2019-01-14 03:06:07	70	70.47	https://travis-ci.org/MCUdude/MegaCore/jobs/479178843	push	false	false	master	4a9b0e1c299b8591dff764820877a420f6f8687d	6d84ff13ed9e...4a9b0e1c299b	Update pinout pic for 64-pin AVR	/home/travis/Arduino/hardware/MegaCore/avr/libraries/Timer/examples/Events/Events.ino	MegaCore:avr:2561:BOD=2v7,LTO=Os,clock=1MHz_internal	1.6.9	4368	550	0	false	0	0		0	
2019-01-14 03:06:12	70	70.47	https://travis-ci.org/MCUdude/MegaCore/jobs/479178843	push	false	false	master	4a9b0e1c299b8591dff764820877a420f6f8687d	6d84ff13ed9e...4a9b0e1c299b	Update pinout pic for 64-pin AVR	/home/travis/Arduino/hardware/MegaCore/avr/libraries/Timer/examples/Multitasking/Multitasking.ino	MegaCore:avr:2561:BOD=2v7,LTO=Os,clock=1MHz_internal	1.6.9	3866	454	1	false	0	0		0	
2019-01-14 03:06:17	70	70.47	https://travis-ci.org/MCUdude/MegaCore/jobs/479178843	push	false	false	master	4a9b0e1c299b8591dff764820877a420f6f8687d	6d84ff13ed9e...4a9b0e1c299b	Update pinout pic for 64-pin AVR	/home/travis/Arduino/hardware/MegaCore/avr/libraries/Timer/examples/Pin_high_10_minutes/Pin_high_10_minutes.ino	MegaCore:avr:2561:BOD=2v7,LTO=Os,clock=1MHz_internal	1.6.9	1972	205	1	false	0	0		0	
2019-01-14 03:06:22	70	70.47	https://travis-ci.org/MCUdude/MegaCore/jobs/479178843	push	false	false	master	4a9b0e1c299b8591dff764820877a420f6f8687d	6d84ff13ed9e...4a9b0e1c299b	Update pinout pic for 64-pin AVR	/home/travis/Arduino/hardware/MegaCore/avr/libraries/Timer/examples/TimerTest/TimerTest.ino	MegaCore:avr:2561:BOD=2v7,LTO=Os,clock=1MHz_internal	1.6.9	1936	203	0	false	0	0		0	
2019-01-14 03:06:27	70	70.47	https://travis-ci.org/MCUdude/MegaCore/jobs/479178843	push	false	false	master	4a9b0e1c299b8591dff764820877a420f6f8687d	6d84ff13ed9e...4a9b0e1c299b	Update pinout pic for 64-pin AVR	/home/travis/Arduino/hardware/MegaCore/avr/libraries/Optiboot_flasher/examples/SerialReadWrite/SerialReadWrite.ino	MegaCore:avr:2561:BOD=2v7,LTO=Os,clock=1MHz_internal	1.6.9	8018	465	0	false	0	0		0	
2019-01-14 03:06:31	70	70.47	https://travis-ci.org/MCUdude/MegaCore/jobs/479178843	push	false	false	master	4a9b0e1c299b8591dff764820877a420f6f8687d	6d84ff13ed9e...4a9b0e1c299b	Update pinout pic for 64-pin AVR	/home/travis/Arduino/hardware/MegaCore/avr/libraries/Servo/examples/Sweep/Sweep.ino	MegaCore:avr:2561:BOD=2v7,LTO=Os,clock=1MHz_internal	1.6.9	3342	93	0	false	0	0		0	
2019-01-14 03:06:36	70	70.47	https://travis-ci.org/MCUdude/MegaCore/jobs/479178843	push	false	false	master	4a9b0e1c299b8591dff764820877a420f6f8687d	6d84ff13ed9e...4a9b0e1c299b	Update pinout pic for 64-pin AVR	/home/travis/Arduino/hardware/MegaCore/avr/libraries/Servo/examples/Knob/Knob.ino	MegaCore:avr:2561:BOD=2v7,LTO=Os,clock=1MHz_internal	1.6.9	3420	97	0	false	0	0		0	
2019-01-14 03:06:41	70	70.47	https://travis-ci.org/MCUdude/MegaCore/jobs/479178843	push	false	false	master	4a9b0e1c299b8591dff764820877a420f6f8687d	6d84ff13ed9e...4a9b0e1c299b	Update pinout pic for 64-pin AVR	/home/travis/Arduino/hardware/MegaCore/avr/libraries/AVR_examples/examples/Measure_period_length/Measure_period_length.ino	MegaCore:avr:2561:BOD=2v7,LTO=Os,clock=1MHz_internal	1.6.9	1936	200	0	false	0	0		0	
2019-01-14 03:06:46	70	70.47	https://travis-ci.org/MCUdude/MegaCore/jobs/479178843	push	false	false	master	4a9b0e1c299b8591dff764820877a420f6f8687d	6d84ff13ed9e...4a9b0e1c299b	Update pinout pic for 64-pin AVR	/home/travis/Arduino/hardware/MegaCore/avr/libraries/AVR_examples/examples/Watch_dog_timer/Watch_dog_timer.ino	MegaCore:avr:2561:BOD=2v7,LTO=Os,clock=1MHz_internal	1.6.9	338	2	0	false	0	0		0	
2019-01-14 03:06:51	70	70.47	https://travis-ci.org/MCUdude/MegaCore/jobs/479178843	push	false	false	master	4a9b0e1c299b8591dff764820877a420f6f8687d	6d84ff13ed9e...4a9b0e1c299b	Update pinout pic for 64-pin AVR	/home/travis/Arduino/hardware/MegaCore/avr/libraries/AVR_examples/examples/Blink_using_Timer0/Blink_using_Timer0.ino	MegaCore:avr:2561:BOD=2v7,LTO=Os,clock=1MHz_internal	1.6.9	346	3	0	false	0	0		0	
2019-01-14 03:06:56	70	70.47	https://travis-ci.org/MCUdude/MegaCore/jobs/479178843	push	false	false	master	4a9b0e1c299b8591dff764820877a420f6f8687d	6d84ff13ed9e...4a9b0e1c299b	Update pinout pic for 64-pin AVR	/home/travis/Arduino/hardware/MegaCore/avr/libraries/AVR_examples/examples/Read_port_write_port/Read_port_write_port.ino	MegaCore:avr:2561:BOD=2v7,LTO=Os,clock=1MHz_internal	1.6.9	248	0	0	false	0	0		0	
2019-01-14 03:07:01	70	70.47	https://travis-ci.org/MCUdude/MegaCore/jobs/479178843	push	false	false	master	4a9b0e1c299b8591dff764820877a420f6f8687d	6d84ff13ed9e...4a9b0e1c299b	Update pinout pic for 64-pin AVR	/home/travis/Arduino/hardware/MegaCore/avr/libraries/AVR_examples/examples/Blink/Blink.ino	MegaCore:avr:2561:BOD=2v7,LTO=Os,clock=1MHz_internal	1.6.9	280	0	0	false	0	0		0	
2019-01-14 03:07:07	70	70.47	https://travis-ci.org/MCUdude/MegaCore/jobs/479178843	push	false	false	master	4a9b0e1c299b8591dff764820877a420f6f8687d	6d84ff13ed9e...4a9b0e1c299b	Update pinout pic for 64-pin AVR	/home/travis/Arduino/hardware/MegaCore/avr/libraries/Ethernet/examples/AdvancedChatServer/AdvancedChatServer.ino	MegaCore:avr:2561:BOD=2v7,LTO=Os,clock=1MHz_internal	1.6.9	13042	538	1	false	0	0		0	
2019-01-14 03:07:13	70	70.47	https://travis-ci.org/MCUdude/MegaCore/jobs/479178843	push	false	false	master	4a9b0e1c299b8591dff764820877a420f6f8687d	6d84ff13ed9e...4a9b0e1c299b	Update pinout pic for 64-pin AVR	/home/travis/Arduino/hardware/MegaCore/avr/libraries/Ethernet/examples/BarometricPressureWebServer/BarometricPressureWebServer.ino	MegaCore:avr:2561:BOD=2v7,LTO=Os,clock=1MHz_internal	1.6.9	17198	542	3	false	0	0		0	
2019-01-14 03:07:19	70	70.47	https://travis-ci.org/MCUdude/MegaCore/jobs/479178843	push	false	false	master	4a9b0e1c299b8591dff764820877a420f6f8687d	6d84ff13ed9e...4a9b0e1c299b	Update pinout pic for 64-pin AVR	/home/travis/Arduino/hardware/MegaCore/avr/libraries/Ethernet/examples/WebClient/WebClient.ino	MegaCore:avr:2561:BOD=2v7,LTO=Os,clock=1MHz_internal	1.6.9	15596	691	1	false	0	0		0	
2019-01-14 03:07:25	70	70.47	https://travis-ci.org/MCUdude/MegaCore/jobs/479178843	push	false	false	master	4a9b0e1c299b8591dff764820877a420f6f8687d	6d84ff13ed9e...4a9b0e1c299b	Update pinout pic for 64-pin AVR	/home/travis/Arduino/hardware/MegaCore/avr/libraries/Ethernet/examples/WebClientRepeating/WebClientRepeating.ino	MegaCore:avr:2561:BOD=2v7,LTO=Os,clock=1MHz_internal	1.6.9	12180	567	1	false	0	0		0	
2019-01-14 03:07:31	70	70.47	https://travis-ci.org/MCUdude/MegaCore/jobs/479178843	push	false	false	master	4a9b0e1c299b8591dff764820877a420f6f8687d	6d84ff13ed9e...4a9b0e1c299b	Update pinout pic for 64-pin AVR	/home/travis/Arduino/hardware/MegaCore/avr/libraries/Ethernet/examples/WebServer/WebServer.ino	MegaCore:avr:2561:BOD=2v7,LTO=Os,clock=1MHz_internal	1.6.9	13562	576	1	false	0	0		0	
2019-01-14 03:07:37	70	70.47	https://travis-ci.org/MCUdude/MegaCore/jobs/479178843	push	false	false	master	4a9b0e1c299b8591dff764820877a420f6f8687d	6d84ff13ed9e...4a9b0e1c299b	Update pinout pic for 64-pin AVR	/home/travis/Arduino/hardware/MegaCore/avr/libraries/Ethernet/examples/UdpNtpClient/UdpNtpClient.ino	MegaCore:avr:2561:BOD=2v7,LTO=Os,clock=1MHz_internal	1.6.9	14026	641	1	false	0	0		0	
2019-01-14 03:07:43	70	70.47	https://travis-ci.org/MCUdude/MegaCore/jobs/479178843	push	false	false	master	4a9b0e1c299b8591dff764820877a420f6f8687d	6d84ff13ed9e...4a9b0e1c299b	Update pinout pic for 64-pin AVR	/home/travis/Arduino/hardware/MegaCore/avr/libraries/Ethernet/examples/DhcpChatServer/DhcpChatServer.ino	MegaCore:avr:2561:BOD=2v7,LTO=Os,clock=1MHz_internal	1.6.9	16712	665	1	false	0	0		0	
2019-01-14 03:07:49	70	70.47	https://travis-ci.org/MCUdude/MegaCore/jobs/479178843	push	false	false	master	4a9b0e1c299b8591dff764820877a420f6f8687d	6d84ff13ed9e...4a9b0e1c299b	Update pinout pic for 64-pin AVR	/home/travis/Arduino/hardware/MegaCore/avr/libraries/Ethernet/examples/DhcpAddressPrinter/DhcpAddressPrinter.ino	MegaCore:avr:2561:BOD=2v7,LTO=Os,clock=1MHz_internal	1.6.9	15334	631	1	false	0	0		0	
2019-01-14 03:07:55	70	70.47	https://travis-ci.org/MCUdude/MegaCore/jobs/479178843	push	false	false	master	4a9b0e1c299b8591dff764820877a420f6f8687d	6d84ff13ed9e...4a9b0e1c299b	Update pinout pic for 64-pin AVR	/home/travis/Arduino/hardware/MegaCore/avr/libraries/Ethernet/examples/TelnetClient/TelnetClient.ino	MegaCore:avr:2561:BOD=2v7,LTO=Os,clock=1MHz_internal	1.6.9	12032	463	1	false	0	0		0	
2019-01-14 03:08:02	70	70.47	https://travis-ci.org/MCUdude/MegaCore/jobs/479178843	push	false	false	master	4a9b0e1c299b8591dff764820877a420f6f8687d	6d84ff13ed9e...4a9b0e1c299b	Update pinout pic for 64-pin AVR	/home/travis/Arduino/hardware/MegaCore/avr/libraries/Ethernet/examples/UDPSendReceiveString/UDPSendReceiveString.ino	MegaCore:avr:2561:BOD=2v7,LTO=Os,clock=1MHz_internal	1.6.9	10800	467	1	false	0	0		0	
2019-01-14 03:08:07	70	70.47	https://travis-ci.org/MCUdude/MegaCore/jobs/479178843	push	false	false	master	4a9b0e1c299b8591dff764820877a420f6f8687d	6d84ff13ed9e...4a9b0e1c299b	Update pinout pic for 64-pin AVR	/home/travis/Arduino/hardware/MegaCore/avr/libraries/Ethernet/examples/ChatServer/ChatServer.ino	MegaCore:avr:2561:BOD=2v7,LTO=Os,clock=1MHz_internal	1.6.9	12622	479	1	false	0	0		0	
2019-01-14 03:08:12	70	70.47	https://travis-ci.org/MCUdude/MegaCore/jobs/479178843	push	false	false	master	4a9b0e1c299b8591dff764820877a420f6f8687d	6d84ff13ed9e...4a9b0e1c299b	Update pinout pic for 64-pin AVR	/home/travis/Arduino/hardware/MegaCore/avr/libraries/Wire/examples/slave_receiver/slave_receiver.ino	MegaCore:avr:2561:BOD=2v7,LTO=Os,clock=1MHz_internal	1.6.9	4426	409	1	false	0	0		0	
2019-01-14 03:08:17	70	70.47	https://travis-ci.org/MCUdude/MegaCore/jobs/479178843	push	false	false	master	4a9b0e1c299b8591dff764820877a420f6f8687d	6d84ff13ed9e...4a9b0e1c299b	Update pinout pic for 64-pin AVR	/home/travis/Arduino/hardware/MegaCore/avr/libraries/Wire/examples/i2c_scanner/i2c_scanner.ino	MegaCore:avr:2561:BOD=2v7,LTO=Os,clock=1MHz_internal	1.6.9	4638	522	0	false	0	0		0	
2019-01-14 03:08:22	70	70.47	https://travis-ci.org/MCUdude/MegaCore/jobs/479178843	push	false	false	master	4a9b0e1c299b8591dff764820877a420f6f8687d	6d84ff13ed9e...4a9b0e1c299b	Update pinout pic for 64-pin AVR	/home/travis/Arduino/hardware/MegaCore/avr/libraries/Wire/examples/digital_potentiometer/digital_potentiometer.ino	MegaCore:avr:2561:BOD=2v7,LTO=Os,clock=1MHz_internal	1.6.9	2900	218	0	false	0	0		0	
2019-01-14 03:08:27	70	70.47	https://travis-ci.org/MCUdude/MegaCore/jobs/479178843	push	false	false	master	4a9b0e1c299b8591dff764820877a420f6f8687d	6d84ff13ed9e...4a9b0e1c299b	Update pinout pic for 64-pin AVR	/home/travis/Arduino/hardware/MegaCore/avr/libraries/Wire/examples/SFRRanger_reader/SFRRanger_reader.ino	MegaCore:avr:2561:BOD=2v7,LTO=Os,clock=1MHz_internal	1.6.9	4924	408	0	false	0	0		0	
2019-01-14 03:08:32	70	70.47	https://travis-ci.org/MCUdude/MegaCore/jobs/479178843	push	false	false	master	4a9b0e1c299b8591dff764820877a420f6f8687d	6d84ff13ed9e...4a9b0e1c299b	Update pinout pic for 64-pin AVR	/home/travis/Arduino/hardware/MegaCore/avr/libraries/Wire/examples/slave_sender/slave_sender.ino	MegaCore:avr:2561:BOD=2v7,LTO=Os,clock=1MHz_internal	1.6.9	2838	228	0	false	0	0		0	
2019-01-14 03:08:37	70	70.47	https://travis-ci.org/MCUdude/MegaCore/jobs/479178843	push	false	false	master	4a9b0e1c299b8591dff764820877a420f6f8687d	6d84ff13ed9e...4a9b0e1c299b	Update pinout pic for 64-pin AVR	/home/travis/Arduino/hardware/MegaCore/avr/libraries/Wire/examples/master_reader/master_reader.ino	MegaCore:avr:2561:BOD=2v7,LTO=Os,clock=1MHz_internal	1.6.9	4390	390	0	false	0	0		0	
2019-01-14 03:08:42	70	70.47	https://travis-ci.org/MCUdude/MegaCore/jobs/479178843	push	false	false	master	4a9b0e1c299b8591dff764820877a420f6f8687d	6d84ff13ed9e...4a9b0e1c299b	Update pinout pic for 64-pin AVR	/home/travis/Arduino/hardware/MegaCore/avr/libraries/Wire/examples/master_writer/master_writer.ino	MegaCore:avr:2561:BOD=2v7,LTO=Os,clock=1MHz_internal	1.6.9	2914	224	0	false	0	0		0	
2019-01-14 03:08:47	70	70.47	https://travis-ci.org/MCUdude/MegaCore/jobs/479178843	push	false	false	master	4a9b0e1c299b8591dff764820877a420f6f8687d	6d84ff13ed9e...4a9b0e1c299b	Update pinout pic for 64-pin AVR	/home/travis/Arduino/hardware/MegaCore/avr/libraries/SPI/examples/BarometricPressureSensor/BarometricPressureSensor.ino	MegaCore:avr:2561:BOD=2v7,LTO=Os,clock=1MHz_internal	1.6.9	7186	235	1	false	0	0		0	
2019-01-14 03:08:52	70	70.47	https://travis-ci.org/MCUdude/MegaCore/jobs/479178843	push	false	false	master	4a9b0e1c299b8591dff764820877a420f6f8687d	6d84ff13ed9e...4a9b0e1c299b	Update pinout pic for 64-pin AVR	/home/travis/Arduino/hardware/MegaCore/avr/libraries/SPI/examples/DigitalPotControl/DigitalPotControl.ino	MegaCore:avr:2561:BOD=2v7,LTO=Os,clock=1MHz_internal	1.6.9	1826	10	0	false	0	0		0	
2019-01-14 03:08:57	70	70.47	https://travis-ci.org/MCUdude/MegaCore/jobs/479178843	push	false	false	master	4a9b0e1c299b8591dff764820877a420f6f8687d	6d84ff13ed9e...4a9b0e1c299b	Update pinout pic for 64-pin AVR	/home/travis/Arduino/hardware/MegaCore/avr/libraries/EEPROM/examples/eeprom_update/eeprom_update.ino	MegaCore:avr:2561:BOD=2v7,LTO=Os,clock=1MHz_internal	1.6.10	1072	13	1	false	0	0		0	
2019-01-14 03:09:02	70	70.47	https://travis-ci.org/MCUdude/MegaCore/jobs/479178843	push	false	false	master	4a9b0e1c299b8591dff764820877a420f6f8687d	6d84ff13ed9e...4a9b0e1c299b	Update pinout pic for 64-pin AVR	/home/travis/Arduino/hardware/MegaCore/avr/libraries/EEPROM/examples/eeprom_crc/eeprom_crc.ino	MegaCore:avr:2561:BOD=2v7,LTO=Os,clock=1MHz_internal	1.6.10	2676	310	1	false	0	0		0	
2019-01-14 03:09:07	70	70.47	https://travis-ci.org/MCUdude/MegaCore/jobs/479178843	push	false	false	master	4a9b0e1c299b8591dff764820877a420f6f8687d	6d84ff13ed9e...4a9b0e1c299b	Update pinout pic for 64-pin AVR	/home/travis/Arduino/hardware/MegaCore/avr/libraries/EEPROM/examples/eeprom_iteration/eeprom_iteration.ino	MegaCore:avr:2561:BOD=2v7,LTO=Os,clock=1MHz_internal	1.6.10	850	9	3	false	0	0		0	
2019-01-14 03:09:12	70	70.47	https://travis-ci.org/MCUdude/MegaCore/jobs/479178843	push	false	false	master	4a9b0e1c299b8591dff764820877a420f6f8687d	6d84ff13ed9e...4a9b0e1c299b	Update pinout pic for 64-pin AVR	/home/travis/Arduino/hardware/MegaCore/avr/libraries/EEPROM/examples/eeprom_put/eeprom_put.ino	MegaCore:avr:2561:BOD=2v7,LTO=Os,clock=1MHz_internal	1.6.10	2400	340	0	false	0	0		0	
2019-01-14 03:09:17	70	70.47	https://travis-ci.org/MCUdude/MegaCore/jobs/479178843	push	false	false	master	4a9b0e1c299b8591dff764820877a420f6f8687d	6d84ff13ed9e...4a9b0e1c299b	Update pinout pic for 64-pin AVR	/home/travis/Arduino/hardware/MegaCore/avr/libraries/EEPROM/examples/eeprom_clear/eeprom_clear.ino	MegaCore:avr:2561:BOD=2v7,LTO=Os,clock=1MHz_internal	1.6.10	1256	9	1	false	0	0		0	
2019-01-14 03:09:21	70	70.47	https://travis-ci.org/MCUdude/MegaCore/jobs/479178843	push	false	false	master	4a9b0e1c299b8591dff764820877a420f6f8687d	6d84ff13ed9e...4a9b0e1c299b	Update pinout pic for 64-pin AVR	/home/travis/Arduino/hardware/MegaCore/avr/libraries/EEPROM/examples/eeprom_read/eeprom_read.ino	MegaCore:avr:2561:BOD=2v7,LTO=Os,clock=1MHz_internal	1.6.10	2616	203	1	false	0	0		0	
2019-01-14 03:09:26	70	70.47	https://travis-ci.org/MCUdude/MegaCore/jobs/479178843	push	false	false	master	4a9b0e1c299b8591dff764820877a420f6f8687d	6d84ff13ed9e...4a9b0e1c299b	Update pinout pic for 64-pin AVR	/home/travis/Arduino/hardware/MegaCore/avr/libraries/EEPROM/examples/eeprom_get/eeprom_get.ino	MegaCore:avr:2561:BOD=2v7,LTO=Os,clock=1MHz_internal	1.6.10	4154	256	0	false	0	0		0	
2019-01-14 03:09:31	70	70.47	https://travis-ci.org/MCUdude/MegaCore/jobs/479178843	push	false	false	master	4a9b0e1c299b8591dff764820877a420f6f8687d	6d84ff13ed9e...4a9b0e1c299b	Update pinout pic for 64-pin AVR	/home/travis/Arduino/hardware/MegaCore/avr/libraries/EEPROM/examples/eeprom_write/eeprom_write.ino	MegaCore:avr:2561:BOD=2v7,LTO=Os,clock=1MHz_internal	1.6.10	1022	13	1	false	0	0		0	
2019-01-14 03:09:36	70	70.47	https://travis-ci.org/MCUdude/MegaCore/jobs/479178843	push	false	false	master	4a9b0e1c299b8591dff764820877a420f6f8687d	6d84ff13ed9e...4a9b0e1c299b	Update pinout pic for 64-pin AVR	/home/travis/Arduino/hardware/MegaCore/avr/libraries/SoftwareSerial/examples/TwoPortReceive/TwoPortReceive.ino	MegaCore:avr:2561:BOD=2v7,LTO=Os,clock=1MHz_internal	1.6.10	5690	400	0	false	0	0		0	
2019-01-14 03:09:41	70	70.47	https://travis-ci.org/MCUdude/MegaCore/jobs/479178843	push	false	false	master	4a9b0e1c299b8591dff764820877a420f6f8687d	6d84ff13ed9e...4a9b0e1c299b	Update pinout pic for 64-pin AVR	/home/travis/Arduino/hardware/MegaCore/avr/libraries/SoftwareSerial/examples/SoftwareSerialExample/SoftwareSerialExample.ino	MegaCore:avr:2561:BOD=2v7,LTO=Os,clock=1MHz_internal	1.6.10	5604	359	0	false	0	0		0	
2019-01-14 03:09:47	70	70.47	https://travis-ci.org/MCUdude/MegaCore/jobs/479178843	push	false	false	master	4a9b0e1c299b8591dff764820877a420f6f8687d	6d84ff13ed9e...4a9b0e1c299b	Update pinout pic for 64-pin AVR	/home/travis/Arduino/hardware/MegaCore/avr/libraries/SD/examples/ReadWrite/ReadWrite.ino	MegaCore:avr:2561:BOD=2v7,LTO=Os,clock=1MHz_internal	1.6.10	13388	1006	5	false	0	0		0	
2019-01-14 03:09:53	70	70.47	https://travis-ci.org/MCUdude/MegaCore/jobs/479178843	push	false	false	master	4a9b0e1c299b8591dff764820877a420f6f8687d	6d84ff13ed9e...4a9b0e1c299b	Update pinout pic for 64-pin AVR	/home/travis/Arduino/hardware/MegaCore/avr/libraries/SD/examples/Files/Files.ino	MegaCore:avr:2561:BOD=2v7,LTO=Os,clock=1MHz_internal	1.6.10	14010	1040	5	false	0	0		0	
2019-01-14 03:09:59	70	70.47	https://travis-ci.org/MCUdude/MegaCore/jobs/479178843	push	false	false	master	4a9b0e1c299b8591dff764820877a420f6f8687d	6d84ff13ed9e...4a9b0e1c299b	Update pinout pic for 64-pin AVR	/home/travis/Arduino/hardware/MegaCore/avr/libraries/SD/examples/Datalogger/Datalogger.ino	MegaCore:avr:2561:BOD=2v7,LTO=Os,clock=1MHz_internal	1.6.10	14442	937	5	false	0	0		0	
2019-01-14 03:10:04	70	70.47	https://travis-ci.org/MCUdude/MegaCore/jobs/479178843	push	false	false	master	4a9b0e1c299b8591dff764820877a420f6f8687d	6d84ff13ed9e...4a9b0e1c299b	Update pinout pic for 64-pin AVR	/home/travis/Arduino/hardware/MegaCore/avr/libraries/SD/examples/CardInfo/CardInfo.ino	MegaCore:avr:2561:BOD=2v7,LTO=Os,clock=1MHz_internal	1.6.10	11928	1364	5	false	0	0		0	
2019-01-14 03:10:10	70	70.47	https://travis-ci.org/MCUdude/MegaCore/jobs/479178843	push	false	false	master	4a9b0e1c299b8591dff764820877a420f6f8687d	6d84ff13ed9e...4a9b0e1c299b	Update pinout pic for 64-pin AVR	/home/travis/Arduino/hardware/MegaCore/avr/libraries/SD/examples/listfiles/listfiles.ino	MegaCore:avr:2561:BOD=2v7,LTO=Os,clock=1MHz_internal	1.6.10	14118	942	5	false	0	0		0	
2019-01-14 03:10:16	70	70.47	https://travis-ci.org/MCUdude/MegaCore/jobs/479178843	push	false	false	master	4a9b0e1c299b8591dff764820877a420f6f8687d	6d84ff13ed9e...4a9b0e1c299b	Update pinout pic for 64-pin AVR	/home/travis/Arduino/hardware/MegaCore/avr/libraries/SD/examples/DumpFile/DumpFile.ino	MegaCore:avr:2561:BOD=2v7,LTO=Os,clock=1MHz_internal	1.6.10	13058	935	5	false	0	0		0	
2019-01-14 03:10:21	70	70.47	https://travis-ci.org/MCUdude/MegaCore/jobs/479178843	push	false	false	master	4a9b0e1c299b8591dff764820877a420f6f8687d	6d84ff13ed9e...4a9b0e1c299b	Update pinout pic for 64-pin AVR	/home/travis/Arduino/hardware/MegaCore/avr/libraries/Timer/examples/Events/Events.ino	MegaCore:avr:2561:BOD=2v7,LTO=Os,clock=1MHz_internal	1.6.10	4368	550	0	false	0	0		0	
2019-01-14 03:10:26	70	70.47	https://travis-ci.org/MCUdude/MegaCore/jobs/479178843	push	false	false	master	4a9b0e1c299b8591dff764820877a420f6f8687d	6d84ff13ed9e...4a9b0e1c299b	Update pinout pic for 64-pin AVR	/home/travis/Arduino/hardware/MegaCore/avr/libraries/Timer/examples/Multitasking/Multitasking.ino	MegaCore:avr:2561:BOD=2v7,LTO=Os,clock=1MHz_internal	1.6.10	3866	454	1	false	0	0		0	
2019-01-14 03:10:31	70	70.47	https://travis-ci.org/MCUdude/MegaCore/jobs/479178843	push	false	false	master	4a9b0e1c299b8591dff764820877a420f6f8687d	6d84ff13ed9e...4a9b0e1c299b	Update pinout pic for 64-pin AVR	/home/travis/Arduino/hardware/MegaCore/avr/libraries/Timer/examples/Pin_high_10_minutes/Pin_high_10_minutes.ino	MegaCore:avr:2561:BOD=2v7,LTO=Os,clock=1MHz_internal	1.6.10	1972	205	1	false	0	0		0	
2019-01-14 03:10:36	70	70.47	https://travis-ci.org/MCUdude/MegaCore/jobs/479178843	push	false	false	master	4a9b0e1c299b8591dff764820877a420f6f8687d	6d84ff13ed9e...4a9b0e1c299b	Update pinout pic for 64-pin AVR	/home/travis/Arduino/hardware/MegaCore/avr/libraries/Timer/examples/TimerTest/TimerTest.ino	MegaCore:avr:2561:BOD=2v7,LTO=Os,clock=1MHz_internal	1.6.10	1936	203	0	false	0	0		0	
2019-01-14 03:10:41	70	70.47	https://travis-ci.org/MCUdude/MegaCore/jobs/479178843	push	false	false	master	4a9b0e1c299b8591dff764820877a420f6f8687d	6d84ff13ed9e...4a9b0e1c299b	Update pinout pic for 64-pin AVR	/home/travis/Arduino/hardware/MegaCore/avr/libraries/Optiboot_flasher/examples/SerialReadWrite/SerialReadWrite.ino	MegaCore:avr:2561:BOD=2v7,LTO=Os,clock=1MHz_internal	1.6.10	8018	465	0	false	0	0		0	
2019-01-14 03:10:45	70	70.47	https://travis-ci.org/MCUdude/MegaCore/jobs/479178843	push	false	false	master	4a9b0e1c299b8591dff764820877a420f6f8687d	6d84ff13ed9e...4a9b0e1c299b	Update pinout pic for 64-pin AVR	/home/travis/Arduino/hardware/MegaCore/avr/libraries/Servo/examples/Sweep/Sweep.ino	MegaCore:avr:2561:BOD=2v7,LTO=Os,clock=1MHz_internal	1.6.10	3342	93	0	false	0	0		0	
2019-01-14 03:10:50	70	70.47	https://travis-ci.org/MCUdude/MegaCore/jobs/479178843	push	false	false	master	4a9b0e1c299b8591dff764820877a420f6f8687d	6d84ff13ed9e...4a9b0e1c299b	Update pinout pic for 64-pin AVR	/home/travis/Arduino/hardware/MegaCore/avr/libraries/Servo/examples/Knob/Knob.ino	MegaCore:avr:2561:BOD=2v7,LTO=Os,clock=1MHz_internal	1.6.10	3420	97	0	false	0	0		0	
2019-01-14 03:10:55	70	70.47	https://travis-ci.org/MCUdude/MegaCore/jobs/479178843	push	false	false	master	4a9b0e1c299b8591dff764820877a420f6f8687d	6d84ff13ed9e...4a9b0e1c299b	Update pinout pic for 64-pin AVR	/home/travis/Arduino/hardware/MegaCore/avr/libraries/AVR_examples/examples/Measure_period_length/Measure_period_length.ino	MegaCore:avr:2561:BOD=2v7,LTO=Os,clock=1MHz_internal	1.6.10	1936	200	0	false	0	0		0	
2019-01-14 03:11:00	70	70.47	https://travis-ci.org/MCUdude/MegaCore/jobs/479178843	push	false	false	master	4a9b0e1c299b8591dff764820877a420f6f8687d	6d84ff13ed9e...4a9b0e1c299b	Update pinout pic for 64-pin AVR	/home/travis/Arduino/hardware/MegaCore/avr/libraries/AVR_examples/examples/Watch_dog_timer/Watch_dog_timer.ino	MegaCore:avr:2561:BOD=2v7,LTO=Os,clock=1MHz_internal	1.6.10	338	2	0	false	0	0		0	
2019-01-14 03:11:05	70	70.47	https://travis-ci.org/MCUdude/MegaCore/jobs/479178843	push	false	false	master	4a9b0e1c299b8591dff764820877a420f6f8687d	6d84ff13ed9e...4a9b0e1c299b	Update pinout pic for 64-pin AVR	/home/travis/Arduino/hardware/MegaCore/avr/libraries/AVR_examples/examples/Blink_using_Timer0/Blink_using_Timer0.ino	MegaCore:avr:2561:BOD=2v7,LTO=Os,clock=1MHz_internal	1.6.10	346	3	0	false	0	0		0	
2019-01-14 03:11:09	70	70.47	https://travis-ci.org/MCUdude/MegaCore/jobs/479178843	push	false	false	master	4a9b0e1c299b8591dff764820877a420f6f8687d	6d84ff13ed9e...4a9b0e1c299b	Update pinout pic for 64-pin AVR	/home/travis/Arduino/hardware/MegaCore/avr/libraries/AVR_examples/examples/Read_port_write_port/Read_port_write_port.ino	MegaCore:avr:2561:BOD=2v7,LTO=Os,clock=1MHz_internal	1.6.10	248	0	0	false	0	0		0	
2019-01-14 03:11:14	70	70.47	https://travis-ci.org/MCUdude/MegaCore/jobs/479178843	push	false	false	master	4a9b0e1c299b8591dff764820877a420f6f8687d	6d84ff13ed9e...4a9b0e1c299b	Update pinout pic for 64-pin AVR	/home/travis/Arduino/hardware/MegaCore/avr/libraries/AVR_examples/examples/Blink/Blink.ino	MegaCore:avr:2561:BOD=2v7,LTO=Os,clock=1MHz_internal	1.6.10	280	0	0	false	0	0		0	
2019-01-14 03:11:20	70	70.47	https://travis-ci.org/MCUdude/MegaCore/jobs/479178843	push	false	false	master	4a9b0e1c299b8591dff764820877a420f6f8687d	6d84ff13ed9e...4a9b0e1c299b	Update pinout pic for 64-pin AVR	/home/travis/Arduino/hardware/MegaCore/avr/libraries/Ethernet/examples/AdvancedChatServer/AdvancedChatServer.ino	MegaCore:avr:2561:BOD=2v7,LTO=Os,clock=1MHz_internal	1.6.10	13042	538	1	false	0	0		0	
2019-01-14 03:11:26	70	70.47	https://travis-ci.org/MCUdude/MegaCore/jobs/479178843	push	false	false	master	4a9b0e1c299b8591dff764820877a420f6f8687d	6d84ff13ed9e...4a9b0e1c299b	Update pinout pic for 64-pin AVR	/home/travis/Arduino/hardware/MegaCore/avr/libraries/Ethernet/examples/BarometricPressureWebServer/BarometricPressureWebServer.ino	MegaCore:avr:2561:BOD=2v7,LTO=Os,clock=1MHz_internal	1.6.10	17198	542	3	false	0	0		0	
2019-01-14 03:11:32	70	70.47	https://travis-ci.org/MCUdude/MegaCore/jobs/479178843	push	false	false	master	4a9b0e1c299b8591dff764820877a420f6f8687d	6d84ff13ed9e...4a9b0e1c299b	Update pinout pic for 64-pin AVR	/home/travis/Arduino/hardware/MegaCore/avr/libraries/Ethernet/examples/WebClient/WebClient.ino	MegaCore:avr:2561:BOD=2v7,LTO=Os,clock=1MHz_internal	1.6.10	15596	691	1	false	0	0		0	
2019-01-14 03:11:38	70	70.47	https://travis-ci.org/MCUdude/MegaCore/jobs/479178843	push	false	false	master	4a9b0e1c299b8591dff764820877a420f6f8687d	6d84ff13ed9e...4a9b0e1c299b	Update pinout pic for 64-pin AVR	/home/travis/Arduino/hardware/MegaCore/avr/libraries/Ethernet/examples/WebClientRepeating/WebClientRepeating.ino	MegaCore:avr:2561:BOD=2v7,LTO=Os,clock=1MHz_internal	1.6.10	12180	567	1	false	0	0		0	
2019-01-14 03:11:44	70	70.47	https://travis-ci.org/MCUdude/MegaCore/jobs/479178843	push	false	false	master	4a9b0e1c299b8591dff764820877a420f6f8687d	6d84ff13ed9e...4a9b0e1c299b	Update pinout pic for 64-pin AVR	/home/travis/Arduino/hardware/MegaCore/avr/libraries/Ethernet/examples/WebServer/WebServer.ino	MegaCore:avr:2561:BOD=2v7,LTO=Os,clock=1MHz_internal	1.6.10	13562	576	1	false	0	0		0	
2019-01-14 03:11:50	70	70.47	https://travis-ci.org/MCUdude/MegaCore/jobs/479178843	push	false	false	master	4a9b0e1c299b8591dff764820877a420f6f8687d	6d84ff13ed9e...4a9b0e1c299b	Update pinout pic for 64-pin AVR	/home/travis/Arduino/hardware/MegaCore/avr/libraries/Ethernet/examples/UdpNtpClient/UdpNtpClient.ino	MegaCore:avr:2561:BOD=2v7,LTO=Os,clock=1MHz_internal	1.6.10	14026	641	1	false	0	0		0	
2019-01-14 03:11:56	70	70.47	https://travis-ci.org/MCUdude/MegaCore/jobs/479178843	push	false	false	master	4a9b0e1c299b8591dff764820877a420f6f8687d	6d84ff13ed9e...4a9b0e1c299b	Update pinout pic for 64-pin AVR	/home/travis/Arduino/hardware/MegaCore/avr/libraries/Ethernet/examples/DhcpChatServer/DhcpChatServer.ino	MegaCore:avr:2561:BOD=2v7,LTO=Os,clock=1MHz_internal	1.6.10	16712	665	1	false	0	0		0	
2019-01-14 03:12:02	70	70.47	https://travis-ci.org/MCUdude/MegaCore/jobs/479178843	push	false	false	master	4a9b0e1c299b8591dff764820877a420f6f8687d	6d84ff13ed9e...4a9b0e1c299b	Update pinout pic for 64-pin AVR	/home/travis/Arduino/hardware/MegaCore/avr/libraries/Ethernet/examples/DhcpAddressPrinter/DhcpAddressPrinter.ino	MegaCore:avr:2561:BOD=2v7,LTO=Os,clock=1MHz_internal	1.6.10	15334	631	1	false	0	0		0	
2019-01-14 03:12:08	70	70.47	https://travis-ci.org/MCUdude/MegaCore/jobs/479178843	push	false	false	master	4a9b0e1c299b8591dff764820877a420f6f8687d	6d84ff13ed9e...4a9b0e1c299b	Update pinout pic for 64-pin AVR	/home/travis/Arduino/hardware/MegaCore/avr/libraries/Ethernet/examples/TelnetClient/TelnetClient.ino	MegaCore:avr:2561:BOD=2v7,LTO=Os,clock=1MHz_internal	1.6.10	12032	463	1	false	0	0		0	
2019-01-14 03:12:14	70	70.47	https://travis-ci.org/MCUdude/MegaCore/jobs/479178843	push	false	false	master	4a9b0e1c299b8591dff764820877a420f6f8687d	6d84ff13ed9e...4a9b0e1c299b	Update pinout pic for 64-pin AVR	/home/travis/Arduino/hardware/MegaCore/avr/libraries/Ethernet/examples/UDPSendReceiveString/UDPSendReceiveString.ino	MegaCore:avr:2561:BOD=2v7,LTO=Os,clock=1MHz_internal	1.6.10	10800	467	1	false	0	0		0	
2019-01-14 03:12:20	70	70.47	https://travis-ci.org/MCUdude/MegaCore/jobs/479178843	push	false	false	master	4a9b0e1c299b8591dff764820877a420f6f8687d	6d84ff13ed9e...4a9b0e1c299b	Update pinout pic for 64-pin AVR	/home/travis/Arduino/hardware/MegaCore/avr/libraries/Ethernet/examples/ChatServer/ChatServer.ino	MegaCore:avr:2561:BOD=2v7,LTO=Os,clock=1MHz_internal	1.6.10	12622	479	1	false	0	0		0	
2019-01-14 03:12:25	70	70.47	https://travis-ci.org/MCUdude/MegaCore/jobs/479178843	push	false	false	master	4a9b0e1c299b8591dff764820877a420f6f8687d	6d84ff13ed9e...4a9b0e1c299b	Update pinout pic for 64-pin AVR	/home/travis/Arduino/hardware/MegaCore/avr/libraries/Wire/examples/slave_receiver/slave_receiver.ino	MegaCore:avr:2561:BOD=2v7,LTO=Os,clock=1MHz_internal	1.6.10	4426	409	1	false	0	0		0	
2019-01-14 03:12:30	70	70.47	https://travis-ci.org/MCUdude/MegaCore/jobs/479178843	push	false	false	master	4a9b0e1c299b8591dff764820877a420f6f8687d	6d84ff13ed9e...4a9b0e1c299b	Update pinout pic for 64-pin AVR	/home/travis/Arduino/hardware/MegaCore/avr/libraries/Wire/examples/i2c_scanner/i2c_scanner.ino	MegaCore:avr:2561:BOD=2v7,LTO=Os,clock=1MHz_internal	1.6.10	4638	522	0	false	0	0		0	
2019-01-14 03:12:35	70	70.47	https://travis-ci.org/MCUdude/MegaCore/jobs/479178843	push	false	false	master	4a9b0e1c299b8591dff764820877a420f6f8687d	6d84ff13ed9e...4a9b0e1c299b	Update pinout pic for 64-pin AVR	/home/travis/Arduino/hardware/MegaCore/avr/libraries/Wire/examples/digital_potentiometer/digital_potentiometer.ino	MegaCore:avr:2561:BOD=2v7,LTO=Os,clock=1MHz_internal	1.6.10	2900	218	0	false	0	0		0	
2019-01-14 03:12:40	70	70.47	https://travis-ci.org/MCUdude/MegaCore/jobs/479178843	push	false	false	master	4a9b0e1c299b8591dff764820877a420f6f8687d	6d84ff13ed9e...4a9b0e1c299b	Update pinout pic for 64-pin AVR	/home/travis/Arduino/hardware/MegaCore/avr/libraries/Wire/examples/SFRRanger_reader/SFRRanger_reader.ino	MegaCore:avr:2561:BOD=2v7,LTO=Os,clock=1MHz_internal	1.6.10	4924	408	0	false	0	0		0	
2019-01-14 03:12:45	70	70.47	https://travis-ci.org/MCUdude/MegaCore/jobs/479178843	push	false	false	master	4a9b0e1c299b8591dff764820877a420f6f8687d	6d84ff13ed9e...4a9b0e1c299b	Update pinout pic for 64-pin AVR	/home/travis/Arduino/hardware/MegaCore/avr/libraries/Wire/examples/slave_sender/slave_sender.ino	MegaCore:avr:2561:BOD=2v7,LTO=Os,clock=1MHz_internal	1.6.10	2838	228	0	false	0	0		0	
2019-01-14 03:12:50	70	70.47	https://travis-ci.org/MCUdude/MegaCore/jobs/479178843	push	false	false	master	4a9b0e1c299b8591dff764820877a420f6f8687d	6d84ff13ed9e...4a9b0e1c299b	Update pinout pic for 64-pin AVR	/home/travis/Arduino/hardware/MegaCore/avr/libraries/Wire/examples/master_reader/master_reader.ino	MegaCore:avr:2561:BOD=2v7,LTO=Os,clock=1MHz_internal	1.6.10	4390	390	0	false	0	0		0	
2019-01-14 03:12:55	70	70.47	https://travis-ci.org/MCUdude/MegaCore/jobs/479178843	push	false	false	master	4a9b0e1c299b8591dff764820877a420f6f8687d	6d84ff13ed9e...4a9b0e1c299b	Update pinout pic for 64-pin AVR	/home/travis/Arduino/hardware/MegaCore/avr/libraries/Wire/examples/master_writer/master_writer.ino	MegaCore:avr:2561:BOD=2v7,LTO=Os,clock=1MHz_internal	1.6.10	2914	224	0	false	0	0		0	
2019-01-14 03:13:00	70	70.47	https://travis-ci.org/MCUdude/MegaCore/jobs/479178843	push	false	false	master	4a9b0e1c299b8591dff764820877a420f6f8687d	6d84ff13ed9e...4a9b0e1c299b	Update pinout pic for 64-pin AVR	/home/travis/Arduino/hardware/MegaCore/avr/libraries/SPI/examples/BarometricPressureSensor/BarometricPressureSensor.ino	MegaCore:avr:2561:BOD=2v7,LTO=Os,clock=1MHz_internal	1.6.10	7186	235	1	false	0	0		0	
2019-01-14 03:13:05	70	70.47	https://travis-ci.org/MCUdude/MegaCore/jobs/479178843	push	false	false	master	4a9b0e1c299b8591dff764820877a420f6f8687d	6d84ff13ed9e...4a9b0e1c299b	Update pinout pic for 64-pin AVR	/home/travis/Arduino/hardware/MegaCore/avr/libraries/SPI/examples/DigitalPotControl/DigitalPotControl.ino	MegaCore:avr:2561:BOD=2v7,LTO=Os,clock=1MHz_internal	1.6.10	1826	10	0	false	0	0		0	
2019-01-14 03:13:10	70	70.47	https://travis-ci.org/MCUdude/MegaCore/jobs/479178843	push	false	false	master	4a9b0e1c299b8591dff764820877a420f6f8687d	6d84ff13ed9e...4a9b0e1c299b	Update pinout pic for 64-pin AVR	/home/travis/Arduino/hardware/MegaCore/avr/libraries/EEPROM/examples/eeprom_update/eeprom_update.ino	MegaCore:avr:2561:BOD=2v7,LTO=Os,clock=1MHz_internal	1.6.11	1072	13	1	false	0	0		0	
2019-01-14 03:13:15	70	70.47	https://travis-ci.org/MCUdude/MegaCore/jobs/479178843	push	false	false	master	4a9b0e1c299b8591dff764820877a420f6f8687d	6d84ff13ed9e...4a9b0e1c299b	Update pinout pic for 64-pin AVR	/home/travis/Arduino/hardware/MegaCore/avr/libraries/EEPROM/examples/eeprom_crc/eeprom_crc.ino	MegaCore:avr:2561:BOD=2v7,LTO=Os,clock=1MHz_internal	1.6.11	2676	310	1	false	0	0		0	
2019-01-14 03:13:20	70	70.47	https://travis-ci.org/MCUdude/MegaCore/jobs/479178843	push	false	false	master	4a9b0e1c299b8591dff764820877a420f6f8687d	6d84ff13ed9e...4a9b0e1c299b	Update pinout pic for 64-pin AVR	/home/travis/Arduino/hardware/MegaCore/avr/libraries/EEPROM/examples/eeprom_iteration/eeprom_iteration.ino	MegaCore:avr:2561:BOD=2v7,LTO=Os,clock=1MHz_internal	1.6.11	850	9	3	false	0	0		0	
2019-01-14 03:13:25	70	70.47	https://travis-ci.org/MCUdude/MegaCore/jobs/479178843	push	false	false	master	4a9b0e1c299b8591dff764820877a420f6f8687d	6d84ff13ed9e...4a9b0e1c299b	Update pinout pic for 64-pin AVR	/home/travis/Arduino/hardware/MegaCore/avr/libraries/EEPROM/examples/eeprom_put/eeprom_put.ino	MegaCore:avr:2561:BOD=2v7,LTO=Os,clock=1MHz_internal	1.6.11	2400	340	0	false	0	0		0	
2019-01-14 03:13:30	70	70.47	https://travis-ci.org/MCUdude/MegaCore/jobs/479178843	push	false	false	master	4a9b0e1c299b8591dff764820877a420f6f8687d	6d84ff13ed9e...4a9b0e1c299b	Update pinout pic for 64-pin AVR	/home/travis/Arduino/hardware/MegaCore/avr/libraries/EEPROM/examples/eeprom_clear/eeprom_clear.ino	MegaCore:avr:2561:BOD=2v7,LTO=Os,clock=1MHz_internal	1.6.11	1256	9	1	false	0	0		0	
2019-01-14 03:13:34	70	70.47	https://travis-ci.org/MCUdude/MegaCore/jobs/479178843	push	false	false	master	4a9b0e1c299b8591dff764820877a420f6f8687d	6d84ff13ed9e...4a9b0e1c299b	Update pinout pic for 64-pin AVR	/home/travis/Arduino/hardware/MegaCore/avr/libraries/EEPROM/examples/eeprom_read/eeprom_read.ino	MegaCore:avr:2561:BOD=2v7,LTO=Os,clock=1MHz_internal	1.6.11	2616	203	1	false	0	0		0	
2019-01-14 03:13:39	70	70.47	https://travis-ci.org/MCUdude/MegaCore/jobs/479178843	push	false	false	master	4a9b0e1c299b8591dff764820877a420f6f8687d	6d84ff13ed9e...4a9b0e1c299b	Update pinout pic for 64-pin AVR	/home/travis/Arduino/hardware/MegaCore/avr/libraries/EEPROM/examples/eeprom_get/eeprom_get.ino	MegaCore:avr:2561:BOD=2v7,LTO=Os,clock=1MHz_internal	1.6.11	4154	256	0	false	0	0		0	
2019-01-14 03:13:44	70	70.47	https://travis-ci.org/MCUdude/MegaCore/jobs/479178843	push	false	false	master	4a9b0e1c299b8591dff764820877a420f6f8687d	6d84ff13ed9e...4a9b0e1c299b	Update pinout pic for 64-pin AVR	/home/travis/Arduino/hardware/MegaCore/avr/libraries/EEPROM/examples/eeprom_write/eeprom_write.ino	MegaCore:avr:2561:BOD=2v7,LTO=Os,clock=1MHz_internal	1.6.11	1022	13	1	false	0	0		0	
2019-01-14 03:13:49	70	70.47	https://travis-ci.org/MCUdude/MegaCore/jobs/479178843	push	false	false	master	4a9b0e1c299b8591dff764820877a420f6f8687d	6d84ff13ed9e...4a9b0e1c299b	Update pinout pic for 64-pin AVR	/home/travis/Arduino/hardware/MegaCore/avr/libraries/SoftwareSerial/examples/TwoPortReceive/TwoPortReceive.ino	MegaCore:avr:2561:BOD=2v7,LTO=Os,clock=1MHz_internal	1.6.11	5690	400	0	false	0	0		0	
2019-01-14 03:13:54	70	70.47	https://travis-ci.org/MCUdude/MegaCore/jobs/479178843	push	false	false	master	4a9b0e1c299b8591dff764820877a420f6f8687d	6d84ff13ed9e...4a9b0e1c299b	Update pinout pic for 64-pin AVR	/home/travis/Arduino/hardware/MegaCore/avr/libraries/SoftwareSerial/examples/SoftwareSerialExample/SoftwareSerialExample.ino	MegaCore:avr:2561:BOD=2v7,LTO=Os,clock=1MHz_internal	1.6.11	5604	359	0	false	0	0		0	
2019-01-14 03:14:00	70	70.47	https://travis-ci.org/MCUdude/MegaCore/jobs/479178843	push	false	false	master	4a9b0e1c299b8591dff764820877a420f6f8687d	6d84ff13ed9e...4a9b0e1c299b	Update pinout pic for 64-pin AVR	/home/travis/Arduino/hardware/MegaCore/avr/libraries/SD/examples/ReadWrite/ReadWrite.ino	MegaCore:avr:2561:BOD=2v7,LTO=Os,clock=1MHz_internal	1.6.11	13388	1006	5	false	0	0		0	
2019-01-14 03:14:06	70	70.47	https://travis-ci.org/MCUdude/MegaCore/jobs/479178843	push	false	false	master	4a9b0e1c299b8591dff764820877a420f6f8687d	6d84ff13ed9e...4a9b0e1c299b	Update pinout pic for 64-pin AVR	/home/travis/Arduino/hardware/MegaCore/avr/libraries/SD/examples/Files/Files.ino	MegaCore:avr:2561:BOD=2v7,LTO=Os,clock=1MHz_internal	1.6.11	14010	1040	5	false	0	0		0	
2019-01-14 03:14:12	70	70.47	https://travis-ci.org/MCUdude/MegaCore/jobs/479178843	push	false	false	master	4a9b0e1c299b8591dff764820877a420f6f8687d	6d84ff13ed9e...4a9b0e1c299b	Update pinout pic for 64-pin AVR	/home/travis/Arduino/hardware/MegaCore/avr/libraries/SD/examples/Datalogger/Datalogger.ino	MegaCore:avr:2561:BOD=2v7,LTO=Os,clock=1MHz_internal	1.6.11	14442	937	5	false	0	0		0	
2019-01-14 03:14:18	70	70.47	https://travis-ci.org/MCUdude/MegaCore/jobs/479178843	push	false	false	master	4a9b0e1c299b8591dff764820877a420f6f8687d	6d84ff13ed9e...4a9b0e1c299b	Update pinout pic for 64-pin AVR	/home/travis/Arduino/hardware/MegaCore/avr/libraries/SD/examples/CardInfo/CardInfo.ino	MegaCore:avr:2561:BOD=2v7,LTO=Os,clock=1MHz_internal	1.6.11	11928	1364	5	false	0	0		0	
2019-01-14 03:14:23	70	70.47	https://travis-ci.org/MCUdude/MegaCore/jobs/479178843	push	false	false	master	4a9b0e1c299b8591dff764820877a420f6f8687d	6d84ff13ed9e...4a9b0e1c299b	Update pinout pic for 64-pin AVR	/home/travis/Arduino/hardware/MegaCore/avr/libraries/SD/examples/listfiles/listfiles.ino	MegaCore:avr:2561:BOD=2v7,LTO=Os,clock=1MHz_internal	1.6.11	14118	942	5	false	0	0		0	
2019-01-14 03:14:29	70	70.47	https://travis-ci.org/MCUdude/MegaCore/jobs/479178843	push	false	false	master	4a9b0e1c299b8591dff764820877a420f6f8687d	6d84ff13ed9e...4a9b0e1c299b	Update pinout pic for 64-pin AVR	/home/travis/Arduino/hardware/MegaCore/avr/libraries/SD/examples/DumpFile/DumpFile.ino	MegaCore:avr:2561:BOD=2v7,LTO=Os,clock=1MHz_internal	1.6.11	13058	935	5	false	0	0		0	
2019-01-14 03:14:34	70	70.47	https://travis-ci.org/MCUdude/MegaCore/jobs/479178843	push	false	false	master	4a9b0e1c299b8591dff764820877a420f6f8687d	6d84ff13ed9e...4a9b0e1c299b	Update pinout pic for 64-pin AVR	/home/travis/Arduino/hardware/MegaCore/avr/libraries/Timer/examples/Events/Events.ino	MegaCore:avr:2561:BOD=2v7,LTO=Os,clock=1MHz_internal	1.6.11	4368	550	0	false	0	0		0	
2019-01-14 03:14:39	70	70.47	https://travis-ci.org/MCUdude/MegaCore/jobs/479178843	push	false	false	master	4a9b0e1c299b8591dff764820877a420f6f8687d	6d84ff13ed9e...4a9b0e1c299b	Update pinout pic for 64-pin AVR	/home/travis/Arduino/hardware/MegaCore/avr/libraries/Timer/examples/Multitasking/Multitasking.ino	MegaCore:avr:2561:BOD=2v7,LTO=Os,clock=1MHz_internal	1.6.11	3866	454	1	false	0	0		0	
2019-01-14 03:14:44	70	70.47	https://travis-ci.org/MCUdude/MegaCore/jobs/479178843	push	false	false	master	4a9b0e1c299b8591dff764820877a420f6f8687d	6d84ff13ed9e...4a9b0e1c299b	Update pinout pic for 64-pin AVR	/home/travis/Arduino/hardware/MegaCore/avr/libraries/Timer/examples/Pin_high_10_minutes/Pin_high_10_minutes.ino	MegaCore:avr:2561:BOD=2v7,LTO=Os,clock=1MHz_internal	1.6.11	1972	205	1	false	0	0		0	
2019-01-14 03:14:49	70	70.47	https://travis-ci.org/MCUdude/MegaCore/jobs/479178843	push	false	false	master	4a9b0e1c299b8591dff764820877a420f6f8687d	6d84ff13ed9e...4a9b0e1c299b	Update pinout pic for 64-pin AVR	/home/travis/Arduino/hardware/MegaCore/avr/libraries/Timer/examples/TimerTest/TimerTest.ino	MegaCore:avr:2561:BOD=2v7,LTO=Os,clock=1MHz_internal	1.6.11	1936	203	0	false	0	0		0	
2019-01-14 03:14:54	70	70.47	https://travis-ci.org/MCUdude/MegaCore/jobs/479178843	push	false	false	master	4a9b0e1c299b8591dff764820877a420f6f8687d	6d84ff13ed9e...4a9b0e1c299b	Update pinout pic for 64-pin AVR	/home/travis/Arduino/hardware/MegaCore/avr/libraries/Optiboot_flasher/examples/SerialReadWrite/SerialReadWrite.ino	MegaCore:avr:2561:BOD=2v7,LTO=Os,clock=1MHz_internal	1.6.11	8018	465	0	false	0	0		0	
2019-01-14 03:14:59	70	70.47	https://travis-ci.org/MCUdude/MegaCore/jobs/479178843	push	false	false	master	4a9b0e1c299b8591dff764820877a420f6f8687d	6d84ff13ed9e...4a9b0e1c299b	Update pinout pic for 64-pin AVR	/home/travis/Arduino/hardware/MegaCore/avr/libraries/Servo/examples/Sweep/Sweep.ino	MegaCore:avr:2561:BOD=2v7,LTO=Os,clock=1MHz_internal	1.6.11	3342	93	0	false	0	0		0	
2019-01-14 03:15:04	70	70.47	https://travis-ci.org/MCUdude/MegaCore/jobs/479178843	push	false	false	master	4a9b0e1c299b8591dff764820877a420f6f8687d	6d84ff13ed9e...4a9b0e1c299b	Update pinout pic for 64-pin AVR	/home/travis/Arduino/hardware/MegaCore/avr/libraries/Servo/examples/Knob/Knob.ino	MegaCore:avr:2561:BOD=2v7,LTO=Os,clock=1MHz_internal	1.6.11	3420	97	0	false	0	0		0	
2019-01-14 03:15:09	70	70.47	https://travis-ci.org/MCUdude/MegaCore/jobs/479178843	push	false	false	master	4a9b0e1c299b8591dff764820877a420f6f8687d	6d84ff13ed9e...4a9b0e1c299b	Update pinout pic for 64-pin AVR	/home/travis/Arduino/hardware/MegaCore/avr/libraries/AVR_examples/examples/Measure_period_length/Measure_period_length.ino	MegaCore:avr:2561:BOD=2v7,LTO=Os,clock=1MHz_internal	1.6.11	1936	200	0	false	0	0		0	
2019-01-14 03:15:14	70	70.47	https://travis-ci.org/MCUdude/MegaCore/jobs/479178843	push	false	false	master	4a9b0e1c299b8591dff764820877a420f6f8687d	6d84ff13ed9e...4a9b0e1c299b	Update pinout pic for 64-pin AVR	/home/travis/Arduino/hardware/MegaCore/avr/libraries/AVR_examples/examples/Watch_dog_timer/Watch_dog_timer.ino	MegaCore:avr:2561:BOD=2v7,LTO=Os,clock=1MHz_internal	1.6.11	338	2	0	false	0	0		0	
2019-01-14 03:15:18	70	70.47	https://travis-ci.org/MCUdude/MegaCore/jobs/479178843	push	false	false	master	4a9b0e1c299b8591dff764820877a420f6f8687d	6d84ff13ed9e...4a9b0e1c299b	Update pinout pic for 64-pin AVR	/home/travis/Arduino/hardware/MegaCore/avr/libraries/AVR_examples/examples/Blink_using_Timer0/Blink_using_Timer0.ino	MegaCore:avr:2561:BOD=2v7,LTO=Os,clock=1MHz_internal	1.6.11	346	3	0	false	0	0		0	
2019-01-14 03:15:23	70	70.47	https://travis-ci.org/MCUdude/MegaCore/jobs/479178843	push	false	false	master	4a9b0e1c299b8591dff764820877a420f6f8687d	6d84ff13ed9e...4a9b0e1c299b	Update pinout pic for 64-pin AVR	/home/travis/Arduino/hardware/MegaCore/avr/libraries/AVR_examples/examples/Read_port_write_port/Read_port_write_port.ino	MegaCore:avr:2561:BOD=2v7,LTO=Os,clock=1MHz_internal	1.6.11	248	0	0	false	0	0		0	
2019-01-14 03:15:28	70	70.47	https://travis-ci.org/MCUdude/MegaCore/jobs/479178843	push	false	false	master	4a9b0e1c299b8591dff764820877a420f6f8687d	6d84ff13ed9e...4a9b0e1c299b	Update pinout pic for 64-pin AVR	/home/travis/Arduino/hardware/MegaCore/avr/libraries/AVR_examples/examples/Blink/Blink.ino	MegaCore:avr:2561:BOD=2v7,LTO=Os,clock=1MHz_internal	1.6.11	280	0	0	false	0	0		0	
2019-01-14 03:15:34	70	70.47	https://travis-ci.org/MCUdude/MegaCore/jobs/479178843	push	false	false	master	4a9b0e1c299b8591dff764820877a420f6f8687d	6d84ff13ed9e...4a9b0e1c299b	Update pinout pic for 64-pin AVR	/home/travis/Arduino/hardware/MegaCore/avr/libraries/Ethernet/examples/AdvancedChatServer/AdvancedChatServer.ino	MegaCore:avr:2561:BOD=2v7,LTO=Os,clock=1MHz_internal	1.6.11	13042	538	1	false	0	0		0	
2019-01-14 03:15:40	70	70.47	https://travis-ci.org/MCUdude/MegaCore/jobs/479178843	push	false	false	master	4a9b0e1c299b8591dff764820877a420f6f8687d	6d84ff13ed9e...4a9b0e1c299b	Update pinout pic for 64-pin AVR	/home/travis/Arduino/hardware/MegaCore/avr/libraries/Ethernet/examples/BarometricPressureWebServer/BarometricPressureWebServer.ino	MegaCore:avr:2561:BOD=2v7,LTO=Os,clock=1MHz_internal	1.6.11	17198	542	3	false	0	0		0	
2019-01-14 03:15:46	70	70.47	https://travis-ci.org/MCUdude/MegaCore/jobs/479178843	push	false	false	master	4a9b0e1c299b8591dff764820877a420f6f8687d	6d84ff13ed9e...4a9b0e1c299b	Update pinout pic for 64-pin AVR	/home/travis/Arduino/hardware/MegaCore/avr/libraries/Ethernet/examples/WebClient/WebClient.ino	MegaCore:avr:2561:BOD=2v7,LTO=Os,clock=1MHz_internal	1.6.11	15596	691	1	false	0	0		0	
2019-01-14 03:15:52	70	70.47	https://travis-ci.org/MCUdude/MegaCore/jobs/479178843	push	false	false	master	4a9b0e1c299b8591dff764820877a420f6f8687d	6d84ff13ed9e...4a9b0e1c299b	Update pinout pic for 64-pin AVR	/home/travis/Arduino/hardware/MegaCore/avr/libraries/Ethernet/examples/WebClientRepeating/WebClientRepeating.ino	MegaCore:avr:2561:BOD=2v7,LTO=Os,clock=1MHz_internal	1.6.11	12180	567	1	false	0	0		0	
2019-01-14 03:15:58	70	70.47	https://travis-ci.org/MCUdude/MegaCore/jobs/479178843	push	false	false	master	4a9b0e1c299b8591dff764820877a420f6f8687d	6d84ff13ed9e...4a9b0e1c299b	Update pinout pic for 64-pin AVR	/home/travis/Arduino/hardware/MegaCore/avr/libraries/Ethernet/examples/WebServer/WebServer.ino	MegaCore:avr:2561:BOD=2v7,LTO=Os,clock=1MHz_internal	1.6.11	13562	576	1	false	0	0		0	
2019-01-14 03:16:04	70	70.47	https://travis-ci.org/MCUdude/MegaCore/jobs/479178843	push	false	false	master	4a9b0e1c299b8591dff764820877a420f6f8687d	6d84ff13ed9e...4a9b0e1c299b	Update pinout pic for 64-pin AVR	/home/travis/Arduino/hardware/MegaCore/avr/libraries/Ethernet/examples/UdpNtpClient/UdpNtpClient.ino	MegaCore:avr:2561:BOD=2v7,LTO=Os,clock=1MHz_internal	1.6.11	14026	641	1	false	0	0		0	
2019-01-14 03:16:10	70	70.47	https://travis-ci.org/MCUdude/MegaCore/jobs/479178843	push	false	false	master	4a9b0e1c299b8591dff764820877a420f6f8687d	6d84ff13ed9e...4a9b0e1c299b	Update pinout pic for 64-pin AVR	/home/travis/Arduino/hardware/MegaCore/avr/libraries/Ethernet/examples/DhcpChatServer/DhcpChatServer.ino	MegaCore:avr:2561:BOD=2v7,LTO=Os,clock=1MHz_internal	1.6.11	16712	665	1	false	0	0		0	
2019-01-14 03:16:16	70	70.47	https://travis-ci.org/MCUdude/MegaCore/jobs/479178843	push	false	false	master	4a9b0e1c299b8591dff764820877a420f6f8687d	6d84ff13ed9e...4a9b0e1c299b	Update pinout pic for 64-pin AVR	/home/travis/Arduino/hardware/MegaCore/avr/libraries/Ethernet/examples/DhcpAddressPrinter/DhcpAddressPrinter.ino	MegaCore:avr:2561:BOD=2v7,LTO=Os,clock=1MHz_internal	1.6.11	15334	631	1	false	0	0		0	
2019-01-14 03:16:22	70	70.47	https://travis-ci.org/MCUdude/MegaCore/jobs/479178843	push	false	false	master	4a9b0e1c299b8591dff764820877a420f6f8687d	6d84ff13ed9e...4a9b0e1c299b	Update pinout pic for 64-pin AVR	/home/travis/Arduino/hardware/MegaCore/avr/libraries/Ethernet/examples/TelnetClient/TelnetClient.ino	MegaCore:avr:2561:BOD=2v7,LTO=Os,clock=1MHz_internal	1.6.11	12032	463	1	false	0	0		0	
2019-01-14 03:16:28	70	70.47	https://travis-ci.org/MCUdude/MegaCore/jobs/479178843	push	false	false	master	4a9b0e1c299b8591dff764820877a420f6f8687d	6d84ff13ed9e...4a9b0e1c299b	Update pinout pic for 64-pin AVR	/home/travis/Arduino/hardware/MegaCore/avr/libraries/Ethernet/examples/UDPSendReceiveString/UDPSendReceiveString.ino	MegaCore:avr:2561:BOD=2v7,LTO=Os,clock=1MHz_internal	1.6.11	10800	467	1	false	0	0		0	
2019-01-14 03:16:34	70	70.47	https://travis-ci.org/MCUdude/MegaCore/jobs/479178843	push	false	false	master	4a9b0e1c299b8591dff764820877a420f6f8687d	6d84ff13ed9e...4a9b0e1c299b	Update pinout pic for 64-pin AVR	/home/travis/Arduino/hardware/MegaCore/avr/libraries/Ethernet/examples/ChatServer/ChatServer.ino	MegaCore:avr:2561:BOD=2v7,LTO=Os,clock=1MHz_internal	1.6.11	12622	479	1	false	0	0		0	
2019-01-14 03:16:39	70	70.47	https://travis-ci.org/MCUdude/MegaCore/jobs/479178843	push	false	false	master	4a9b0e1c299b8591dff764820877a420f6f8687d	6d84ff13ed9e...4a9b0e1c299b	Update pinout pic for 64-pin AVR	/home/travis/Arduino/hardware/MegaCore/avr/libraries/Wire/examples/slave_receiver/slave_receiver.ino	MegaCore:avr:2561:BOD=2v7,LTO=Os,clock=1MHz_internal	1.6.11	4426	409	1	false	0	0		0	
2019-01-14 03:16:44	70	70.47	https://travis-ci.org/MCUdude/MegaCore/jobs/479178843	push	false	false	master	4a9b0e1c299b8591dff764820877a420f6f8687d	6d84ff13ed9e...4a9b0e1c299b	Update pinout pic for 64-pin AVR	/home/travis/Arduino/hardware/MegaCore/avr/libraries/Wire/examples/i2c_scanner/i2c_scanner.ino	MegaCore:avr:2561:BOD=2v7,LTO=Os,clock=1MHz_internal	1.6.11	4638	522	0	false	0	0		0	
2019-01-14 03:16:49	70	70.47	https://travis-ci.org/MCUdude/MegaCore/jobs/479178843	push	false	false	master	4a9b0e1c299b8591dff764820877a420f6f8687d	6d84ff13ed9e...4a9b0e1c299b	Update pinout pic for 64-pin AVR	/home/travis/Arduino/hardware/MegaCore/avr/libraries/Wire/examples/digital_potentiometer/digital_potentiometer.ino	MegaCore:avr:2561:BOD=2v7,LTO=Os,clock=1MHz_internal	1.6.11	2900	218	0	false	0	0		0	
2019-01-14 03:16:54	70	70.47	https://travis-ci.org/MCUdude/MegaCore/jobs/479178843	push	false	false	master	4a9b0e1c299b8591dff764820877a420f6f8687d	6d84ff13ed9e...4a9b0e1c299b	Update pinout pic for 64-pin AVR	/home/travis/Arduino/hardware/MegaCore/avr/libraries/Wire/examples/SFRRanger_reader/SFRRanger_reader.ino	MegaCore:avr:2561:BOD=2v7,LTO=Os,clock=1MHz_internal	1.6.11	4924	408	0	false	0	0		0	
2019-01-14 03:16:59	70	70.47	https://travis-ci.org/MCUdude/MegaCore/jobs/479178843	push	false	false	master	4a9b0e1c299b8591dff764820877a420f6f8687d	6d84ff13ed9e...4a9b0e1c299b	Update pinout pic for 64-pin AVR	/home/travis/Arduino/hardware/MegaCore/avr/libraries/Wire/examples/slave_sender/slave_sender.ino	MegaCore:avr:2561:BOD=2v7,LTO=Os,clock=1MHz_internal	1.6.11	2838	228	0	false	0	0		0	
2019-01-14 03:17:04	70	70.47	https://travis-ci.org/MCUdude/MegaCore/jobs/479178843	push	false	false	master	4a9b0e1c299b8591dff764820877a420f6f8687d	6d84ff13ed9e...4a9b0e1c299b	Update pinout pic for 64-pin AVR	/home/travis/Arduino/hardware/MegaCore/avr/libraries/Wire/examples/master_reader/master_reader.ino	MegaCore:avr:2561:BOD=2v7,LTO=Os,clock=1MHz_internal	1.6.11	4390	390	0	false	0	0		0	
2019-01-14 03:17:09	70	70.47	https://travis-ci.org/MCUdude/MegaCore/jobs/479178843	push	false	false	master	4a9b0e1c299b8591dff764820877a420f6f8687d	6d84ff13ed9e...4a9b0e1c299b	Update pinout pic for 64-pin AVR	/home/travis/Arduino/hardware/MegaCore/avr/libraries/Wire/examples/master_writer/master_writer.ino	MegaCore:avr:2561:BOD=2v7,LTO=Os,clock=1MHz_internal	1.6.11	2914	224	0	false	0	0		0	
2019-01-14 03:17:14	70	70.47	https://travis-ci.org/MCUdude/MegaCore/jobs/479178843	push	false	false	master	4a9b0e1c299b8591dff764820877a420f6f8687d	6d84ff13ed9e...4a9b0e1c299b	Update pinout pic for 64-pin AVR	/home/travis/Arduino/hardware/MegaCore/avr/libraries/SPI/examples/BarometricPressureSensor/BarometricPressureSensor.ino	MegaCore:avr:2561:BOD=2v7,LTO=Os,clock=1MHz_internal	1.6.11	7186	235	1	false	0	0		0	
2019-01-14 03:17:19	70	70.47	https://travis-ci.org/MCUdude/MegaCore/jobs/479178843	push	false	false	master	4a9b0e1c299b8591dff764820877a420f6f8687d	6d84ff13ed9e...4a9b0e1c299b	Update pinout pic for 64-pin AVR	/home/travis/Arduino/hardware/MegaCore/avr/libraries/SPI/examples/DigitalPotControl/DigitalPotControl.ino	MegaCore:avr:2561:BOD=2v7,LTO=Os,clock=1MHz_internal	1.6.11	1826	10	0	false	0	0		0	
2019-01-14 03:17:23	70	70.47	https://travis-ci.org/MCUdude/MegaCore/jobs/479178843	push	false	false	master	4a9b0e1c299b8591dff764820877a420f6f8687d	6d84ff13ed9e...4a9b0e1c299b	Update pinout pic for 64-pin AVR	/home/travis/Arduino/hardware/MegaCore/avr/libraries/EEPROM/examples/eeprom_update/eeprom_update.ino	MegaCore:avr:2561:BOD=2v7,LTO=Os,clock=1MHz_internal	1.6.12	1072	13	1	false	0	0		0	
2019-01-14 03:17:28	70	70.47	https://travis-ci.org/MCUdude/MegaCore/jobs/479178843	push	false	false	master	4a9b0e1c299b8591dff764820877a420f6f8687d	6d84ff13ed9e...4a9b0e1c299b	Update pinout pic for 64-pin AVR	/home/travis/Arduino/hardware/MegaCore/avr/libraries/EEPROM/examples/eeprom_crc/eeprom_crc.ino	MegaCore:avr:2561:BOD=2v7,LTO=Os,clock=1MHz_internal	1.6.12	2676	310	1	false	0	0		0	
2019-01-14 03:17:33	70	70.47	https://travis-ci.org/MCUdude/MegaCore/jobs/479178843	push	false	false	master	4a9b0e1c299b8591dff764820877a420f6f8687d	6d84ff13ed9e...4a9b0e1c299b	Update pinout pic for 64-pin AVR	/home/travis/Arduino/hardware/MegaCore/avr/libraries/EEPROM/examples/eeprom_iteration/eeprom_iteration.ino	MegaCore:avr:2561:BOD=2v7,LTO=Os,clock=1MHz_internal	1.6.12	850	9	3	false	0	0		0	
2019-01-14 03:17:38	70	70.47	https://travis-ci.org/MCUdude/MegaCore/jobs/479178843	push	false	false	master	4a9b0e1c299b8591dff764820877a420f6f8687d	6d84ff13ed9e...4a9b0e1c299b	Update pinout pic for 64-pin AVR	/home/travis/Arduino/hardware/MegaCore/avr/libraries/EEPROM/examples/eeprom_put/eeprom_put.ino	MegaCore:avr:2561:BOD=2v7,LTO=Os,clock=1MHz_internal	1.6.12	2400	340	0	false	0	0		0	
2019-01-14 03:17:43	70	70.47	https://travis-ci.org/MCUdude/MegaCore/jobs/479178843	push	false	false	master	4a9b0e1c299b8591dff764820877a420f6f8687d	6d84ff13ed9e...4a9b0e1c299b	Update pinout pic for 64-pin AVR	/home/travis/Arduino/hardware/MegaCore/avr/libraries/EEPROM/examples/eeprom_clear/eeprom_clear.ino	MegaCore:avr:2561:BOD=2v7,LTO=Os,clock=1MHz_internal	1.6.12	1256	9	1	false	0	0		0	
2019-01-14 03:17:48	70	70.47	https://travis-ci.org/MCUdude/MegaCore/jobs/479178843	push	false	false	master	4a9b0e1c299b8591dff764820877a420f6f8687d	6d84ff13ed9e...4a9b0e1c299b	Update pinout pic for 64-pin AVR	/home/travis/Arduino/hardware/MegaCore/avr/libraries/EEPROM/examples/eeprom_read/eeprom_read.ino	MegaCore:avr:2561:BOD=2v7,LTO=Os,clock=1MHz_internal	1.6.12	2616	203	1	false	0	0		0	
2019-01-14 03:17:53	70	70.47	https://travis-ci.org/MCUdude/MegaCore/jobs/479178843	push	false	false	master	4a9b0e1c299b8591dff764820877a420f6f8687d	6d84ff13ed9e...4a9b0e1c299b	Update pinout pic for 64-pin AVR	/home/travis/Arduino/hardware/MegaCore/avr/libraries/EEPROM/examples/eeprom_get/eeprom_get.ino	MegaCore:avr:2561:BOD=2v7,LTO=Os,clock=1MHz_internal	1.6.12	4154	256	0	false	0	0		0	
2019-01-14 03:17:58	70	70.47	https://travis-ci.org/MCUdude/MegaCore/jobs/479178843	push	false	false	master	4a9b0e1c299b8591dff764820877a420f6f8687d	6d84ff13ed9e...4a9b0e1c299b	Update pinout pic for 64-pin AVR	/home/travis/Arduino/hardware/MegaCore/avr/libraries/EEPROM/examples/eeprom_write/eeprom_write.ino	MegaCore:avr:2561:BOD=2v7,LTO=Os,clock=1MHz_internal	1.6.12	1022	13	1	false	0	0		0	
2019-01-14 03:18:03	70	70.47	https://travis-ci.org/MCUdude/MegaCore/jobs/479178843	push	false	false	master	4a9b0e1c299b8591dff764820877a420f6f8687d	6d84ff13ed9e...4a9b0e1c299b	Update pinout pic for 64-pin AVR	/home/travis/Arduino/hardware/MegaCore/avr/libraries/SoftwareSerial/examples/TwoPortReceive/TwoPortReceive.ino	MegaCore:avr:2561:BOD=2v7,LTO=Os,clock=1MHz_internal	1.6.12	5690	400	0	false	0	0		0	
2019-01-14 03:18:08	70	70.47	https://travis-ci.org/MCUdude/MegaCore/jobs/479178843	push	false	false	master	4a9b0e1c299b8591dff764820877a420f6f8687d	6d84ff13ed9e...4a9b0e1c299b	Update pinout pic for 64-pin AVR	/home/travis/Arduino/hardware/MegaCore/avr/libraries/SoftwareSerial/examples/SoftwareSerialExample/SoftwareSerialExample.ino	MegaCore:avr:2561:BOD=2v7,LTO=Os,clock=1MHz_internal	1.6.12	5604	359	0	false	0	0		0	
2019-01-14 03:18:14	70	70.47	https://travis-ci.org/MCUdude/MegaCore/jobs/479178843	push	false	false	master	4a9b0e1c299b8591dff764820877a420f6f8687d	6d84ff13ed9e...4a9b0e1c299b	Update pinout pic for 64-pin AVR	/home/travis/Arduino/hardware/MegaCore/avr/libraries/SD/examples/ReadWrite/ReadWrite.ino	MegaCore:avr:2561:BOD=2v7,LTO=Os,clock=1MHz_internal	1.6.12	13388	1006	5	false	0	0		0	
2019-01-14 03:18:20	70	70.47	https://travis-ci.org/MCUdude/MegaCore/jobs/479178843	push	false	false	master	4a9b0e1c299b8591dff764820877a420f6f8687d	6d84ff13ed9e...4a9b0e1c299b	Update pinout pic for 64-pin AVR	/home/travis/Arduino/hardware/MegaCore/avr/libraries/SD/examples/Files/Files.ino	MegaCore:avr:2561:BOD=2v7,LTO=Os,clock=1MHz_internal	1.6.12	14010	1040	5	false	0	0		0	
2019-01-14 03:18:26	70	70.47	https://travis-ci.org/MCUdude/MegaCore/jobs/479178843	push	false	false	master	4a9b0e1c299b8591dff764820877a420f6f8687d	6d84ff13ed9e...4a9b0e1c299b	Update pinout pic for 64-pin AVR	/home/travis/Arduino/hardware/MegaCore/avr/libraries/SD/examples/Datalogger/Datalogger.ino	MegaCore:avr:2561:BOD=2v7,LTO=Os,clock=1MHz_internal	1.6.12	14442	937	5	false	0	0		0	
2019-01-14 03:18:32	70	70.47	https://travis-ci.org/MCUdude/MegaCore/jobs/479178843	push	false	false	master	4a9b0e1c299b8591dff764820877a420f6f8687d	6d84ff13ed9e...4a9b0e1c299b	Update pinout pic for 64-pin AVR	/home/travis/Arduino/hardware/MegaCore/avr/libraries/SD/examples/CardInfo/CardInfo.ino	MegaCore:avr:2561:BOD=2v7,LTO=Os,clock=1MHz_internal	1.6.12	11928	1364	5	false	0	0		0	
2019-01-14 03:18:38	70	70.47	https://travis-ci.org/MCUdude/MegaCore/jobs/479178843	push	false	false	master	4a9b0e1c299b8591dff764820877a420f6f8687d	6d84ff13ed9e...4a9b0e1c299b	Update pinout pic for 64-pin AVR	/home/travis/Arduino/hardware/MegaCore/avr/libraries/SD/examples/listfiles/listfiles.ino	MegaCore:avr:2561:BOD=2v7,LTO=Os,clock=1MHz_internal	1.6.12	14118	942	5	false	0	0		0	
2019-01-14 03:18:44	70	70.47	https://travis-ci.org/MCUdude/MegaCore/jobs/479178843	push	false	false	master	4a9b0e1c299b8591dff764820877a420f6f8687d	6d84ff13ed9e...4a9b0e1c299b	Update pinout pic for 64-pin AVR	/home/travis/Arduino/hardware/MegaCore/avr/libraries/SD/examples/DumpFile/DumpFile.ino	MegaCore:avr:2561:BOD=2v7,LTO=Os,clock=1MHz_internal	1.6.12	13058	935	5	false	0	0		0	
2019-01-14 03:18:49	70	70.47	https://travis-ci.org/MCUdude/MegaCore/jobs/479178843	push	false	false	master	4a9b0e1c299b8591dff764820877a420f6f8687d	6d84ff13ed9e...4a9b0e1c299b	Update pinout pic for 64-pin AVR	/home/travis/Arduino/hardware/MegaCore/avr/libraries/Timer/examples/Events/Events.ino	MegaCore:avr:2561:BOD=2v7,LTO=Os,clock=1MHz_internal	1.6.12	4368	550	0	false	0	0		0	
2019-01-14 03:18:54	70	70.47	https://travis-ci.org/MCUdude/MegaCore/jobs/479178843	push	false	false	master	4a9b0e1c299b8591dff764820877a420f6f8687d	6d84ff13ed9e...4a9b0e1c299b	Update pinout pic for 64-pin AVR	/home/travis/Arduino/hardware/MegaCore/avr/libraries/Timer/examples/Multitasking/Multitasking.ino	MegaCore:avr:2561:BOD=2v7,LTO=Os,clock=1MHz_internal	1.6.12	3866	454	1	false	0	0		0	
2019-01-14 03:18:59	70	70.47	https://travis-ci.org/MCUdude/MegaCore/jobs/479178843	push	false	false	master	4a9b0e1c299b8591dff764820877a420f6f8687d	6d84ff13ed9e...4a9b0e1c299b	Update pinout pic for 64-pin AVR	/home/travis/Arduino/hardware/MegaCore/avr/libraries/Timer/examples/Pin_high_10_minutes/Pin_high_10_minutes.ino	MegaCore:avr:2561:BOD=2v7,LTO=Os,clock=1MHz_internal	1.6.12	1972	205	1	false	0	0		0	
2019-01-14 03:19:04	70	70.47	https://travis-ci.org/MCUdude/MegaCore/jobs/479178843	push	false	false	master	4a9b0e1c299b8591dff764820877a420f6f8687d	6d84ff13ed9e...4a9b0e1c299b	Update pinout pic for 64-pin AVR	/home/travis/Arduino/hardware/MegaCore/avr/libraries/Timer/examples/TimerTest/TimerTest.ino	MegaCore:avr:2561:BOD=2v7,LTO=Os,clock=1MHz_internal	1.6.12	1936	203	0	false	0	0		0	
2019-01-14 03:19:09	70	70.47	https://travis-ci.org/MCUdude/MegaCore/jobs/479178843	push	false	false	master	4a9b0e1c299b8591dff764820877a420f6f8687d	6d84ff13ed9e...4a9b0e1c299b	Update pinout pic for 64-pin AVR	/home/travis/Arduino/hardware/MegaCore/avr/libraries/Optiboot_flasher/examples/SerialReadWrite/SerialReadWrite.ino	MegaCore:avr:2561:BOD=2v7,LTO=Os,clock=1MHz_internal	1.6.12	8018	465	0	false	0	0		0	
2019-01-14 03:19:14	70	70.47	https://travis-ci.org/MCUdude/MegaCore/jobs/479178843	push	false	false	master	4a9b0e1c299b8591dff764820877a420f6f8687d	6d84ff13ed9e...4a9b0e1c299b	Update pinout pic for 64-pin AVR	/home/travis/Arduino/hardware/MegaCore/avr/libraries/Servo/examples/Sweep/Sweep.ino	MegaCore:avr:2561:BOD=2v7,LTO=Os,clock=1MHz_internal	1.6.12	3342	93	0	false	0	0		0	
2019-01-14 03:19:19	70	70.47	https://travis-ci.org/MCUdude/MegaCore/jobs/479178843	push	false	false	master	4a9b0e1c299b8591dff764820877a420f6f8687d	6d84ff13ed9e...4a9b0e1c299b	Update pinout pic for 64-pin AVR	/home/travis/Arduino/hardware/MegaCore/avr/libraries/Servo/examples/Knob/Knob.ino	MegaCore:avr:2561:BOD=2v7,LTO=Os,clock=1MHz_internal	1.6.12	3420	97	0	false	0	0		0	
2019-01-14 03:19:23	70	70.47	https://travis-ci.org/MCUdude/MegaCore/jobs/479178843	push	false	false	master	4a9b0e1c299b8591dff764820877a420f6f8687d	6d84ff13ed9e...4a9b0e1c299b	Update pinout pic for 64-pin AVR	/home/travis/Arduino/hardware/MegaCore/avr/libraries/AVR_examples/examples/Measure_period_length/Measure_period_length.ino	MegaCore:avr:2561:BOD=2v7,LTO=Os,clock=1MHz_internal	1.6.12	1936	200	0	false	0	0		0	
2019-01-14 03:19:28	70	70.47	https://travis-ci.org/MCUdude/MegaCore/jobs/479178843	push	false	false	master	4a9b0e1c299b8591dff764820877a420f6f8687d	6d84ff13ed9e...4a9b0e1c299b	Update pinout pic for 64-pin AVR	/home/travis/Arduino/hardware/MegaCore/avr/libraries/AVR_examples/examples/Watch_dog_timer/Watch_dog_timer.ino	MegaCore:avr:2561:BOD=2v7,LTO=Os,clock=1MHz_internal	1.6.12	338	2	0	false	0	0		0	
2019-01-14 03:19:33	70	70.47	https://travis-ci.org/MCUdude/MegaCore/jobs/479178843	push	false	false	master	4a9b0e1c299b8591dff764820877a420f6f8687d	6d84ff13ed9e...4a9b0e1c299b	Update pinout pic for 64-pin AVR	/home/travis/Arduino/hardware/MegaCore/avr/libraries/AVR_examples/examples/Blink_using_Timer0/Blink_using_Timer0.ino	MegaCore:avr:2561:BOD=2v7,LTO=Os,clock=1MHz_internal	1.6.12	346	3	0	false	0	0		0	
2019-01-14 03:19:38	70	70.47	https://travis-ci.org/MCUdude/MegaCore/jobs/479178843	push	false	false	master	4a9b0e1c299b8591dff764820877a420f6f8687d	6d84ff13ed9e...4a9b0e1c299b	Update pinout pic for 64-pin AVR	/home/travis/Arduino/hardware/MegaCore/avr/libraries/AVR_examples/examples/Read_port_write_port/Read_port_write_port.ino	MegaCore:avr:2561:BOD=2v7,LTO=Os,clock=1MHz_internal	1.6.12	248	0	0	false	0	0		0	
2019-01-14 03:19:43	70	70.47	https://travis-ci.org/MCUdude/MegaCore/jobs/479178843	push	false	false	master	4a9b0e1c299b8591dff764820877a420f6f8687d	6d84ff13ed9e...4a9b0e1c299b	Update pinout pic for 64-pin AVR	/home/travis/Arduino/hardware/MegaCore/avr/libraries/AVR_examples/examples/Blink/Blink.ino	MegaCore:avr:2561:BOD=2v7,LTO=Os,clock=1MHz_internal	1.6.12	280	0	0	false	0	0		0	
2019-01-14 03:19:49	70	70.47	https://travis-ci.org/MCUdude/MegaCore/jobs/479178843	push	false	false	master	4a9b0e1c299b8591dff764820877a420f6f8687d	6d84ff13ed9e...4a9b0e1c299b	Update pinout pic for 64-pin AVR	/home/travis/Arduino/hardware/MegaCore/avr/libraries/Ethernet/examples/AdvancedChatServer/AdvancedChatServer.ino	MegaCore:avr:2561:BOD=2v7,LTO=Os,clock=1MHz_internal	1.6.12	13042	538	1	false	0	0		0	
2019-01-14 03:19:55	70	70.47	https://travis-ci.org/MCUdude/MegaCore/jobs/479178843	push	false	false	master	4a9b0e1c299b8591dff764820877a420f6f8687d	6d84ff13ed9e...4a9b0e1c299b	Update pinout pic for 64-pin AVR	/home/travis/Arduino/hardware/MegaCore/avr/libraries/Ethernet/examples/BarometricPressureWebServer/BarometricPressureWebServer.ino	MegaCore:avr:2561:BOD=2v7,LTO=Os,clock=1MHz_internal	1.6.12	17198	542	3	false	0	0		0	
2019-01-14 03:20:01	70	70.47	https://travis-ci.org/MCUdude/MegaCore/jobs/479178843	push	false	false	master	4a9b0e1c299b8591dff764820877a420f6f8687d	6d84ff13ed9e...4a9b0e1c299b	Update pinout pic for 64-pin AVR	/home/travis/Arduino/hardware/MegaCore/avr/libraries/Ethernet/examples/WebClient/WebClient.ino	MegaCore:avr:2561:BOD=2v7,LTO=Os,clock=1MHz_internal	1.6.12	15596	691	1	false	0	0		0	
2019-01-14 03:20:07	70	70.47	https://travis-ci.org/MCUdude/MegaCore/jobs/479178843	push	false	false	master	4a9b0e1c299b8591dff764820877a420f6f8687d	6d84ff13ed9e...4a9b0e1c299b	Update pinout pic for 64-pin AVR	/home/travis/Arduino/hardware/MegaCore/avr/libraries/Ethernet/examples/WebClientRepeating/WebClientRepeating.ino	MegaCore:avr:2561:BOD=2v7,LTO=Os,clock=1MHz_internal	1.6.12	12180	567	1	false	0	0		0	
2019-01-14 03:20:13	70	70.47	https://travis-ci.org/MCUdude/MegaCore/jobs/479178843	push	false	false	master	4a9b0e1c299b8591dff764820877a420f6f8687d	6d84ff13ed9e...4a9b0e1c299b	Update pinout pic for 64-pin AVR	/home/travis/Arduino/hardware/MegaCore/avr/libraries/Ethernet/examples/WebServer/WebServer.ino	MegaCore:avr:2561:BOD=2v7,LTO=Os,clock=1MHz_internal	1.6.12	13562	576	1	false	0	0		0	
2019-01-14 03:20:19	70	70.47	https://travis-ci.org/MCUdude/MegaCore/jobs/479178843	push	false	false	master	4a9b0e1c299b8591dff764820877a420f6f8687d	6d84ff13ed9e...4a9b0e1c299b	Update pinout pic for 64-pin AVR	/home/travis/Arduino/hardware/MegaCore/avr/libraries/Ethernet/examples/UdpNtpClient/UdpNtpClient.ino	MegaCore:avr:2561:BOD=2v7,LTO=Os,clock=1MHz_internal	1.6.12	14026	641	1	false	0	0		0	
2019-01-14 03:20:25	70	70.47	https://travis-ci.org/MCUdude/MegaCore/jobs/479178843	push	false	false	master	4a9b0e1c299b8591dff764820877a420f6f8687d	6d84ff13ed9e...4a9b0e1c299b	Update pinout pic for 64-pin AVR	/home/travis/Arduino/hardware/MegaCore/avr/libraries/Ethernet/examples/DhcpChatServer/DhcpChatServer.ino	MegaCore:avr:2561:BOD=2v7,LTO=Os,clock=1MHz_internal	1.6.12	16712	665	1	false	0	0		0	
2019-01-14 03:20:31	70	70.47	https://travis-ci.org/MCUdude/MegaCore/jobs/479178843	push	false	false	master	4a9b0e1c299b8591dff764820877a420f6f8687d	6d84ff13ed9e...4a9b0e1c299b	Update pinout pic for 64-pin AVR	/home/travis/Arduino/hardware/MegaCore/avr/libraries/Ethernet/examples/DhcpAddressPrinter/DhcpAddressPrinter.ino	MegaCore:avr:2561:BOD=2v7,LTO=Os,clock=1MHz_internal	1.6.12	15334	631	1	false	0	0		0	
2019-01-14 03:20:36	70	70.47	https://travis-ci.org/MCUdude/MegaCore/jobs/479178843	push	false	false	master	4a9b0e1c299b8591dff764820877a420f6f8687d	6d84ff13ed9e...4a9b0e1c299b	Update pinout pic for 64-pin AVR	/home/travis/Arduino/hardware/MegaCore/avr/libraries/Ethernet/examples/TelnetClient/TelnetClient.ino	MegaCore:avr:2561:BOD=2v7,LTO=Os,clock=1MHz_internal	1.6.12	12032	463	1	false	0	0		0	
2019-01-14 03:20:42	70	70.47	https://travis-ci.org/MCUdude/MegaCore/jobs/479178843	push	false	false	master	4a9b0e1c299b8591dff764820877a420f6f8687d	6d84ff13ed9e...4a9b0e1c299b	Update pinout pic for 64-pin AVR	/home/travis/Arduino/hardware/MegaCore/avr/libraries/Ethernet/examples/UDPSendReceiveString/UDPSendReceiveString.ino	MegaCore:avr:2561:BOD=2v7,LTO=Os,clock=1MHz_internal	1.6.12	10800	467	1	false	0	0		0	
2019-01-14 03:20:48	70	70.47	https://travis-ci.org/MCUdude/MegaCore/jobs/479178843	push	false	false	master	4a9b0e1c299b8591dff764820877a420f6f8687d	6d84ff13ed9e...4a9b0e1c299b	Update pinout pic for 64-pin AVR	/home/travis/Arduino/hardware/MegaCore/avr/libraries/Ethernet/examples/ChatServer/ChatServer.ino	MegaCore:avr:2561:BOD=2v7,LTO=Os,clock=1MHz_internal	1.6.12	12622	479	1	false	0	0		0	
2019-01-14 03:20:53	70	70.47	https://travis-ci.org/MCUdude/MegaCore/jobs/479178843	push	false	false	master	4a9b0e1c299b8591dff764820877a420f6f8687d	6d84ff13ed9e...4a9b0e1c299b	Update pinout pic for 64-pin AVR	/home/travis/Arduino/hardware/MegaCore/avr/libraries/Wire/examples/slave_receiver/slave_receiver.ino	MegaCore:avr:2561:BOD=2v7,LTO=Os,clock=1MHz_internal	1.6.12	4426	409	1	false	0	0		0	
2019-01-14 03:20:58	70	70.47	https://travis-ci.org/MCUdude/MegaCore/jobs/479178843	push	false	false	master	4a9b0e1c299b8591dff764820877a420f6f8687d	6d84ff13ed9e...4a9b0e1c299b	Update pinout pic for 64-pin AVR	/home/travis/Arduino/hardware/MegaCore/avr/libraries/Wire/examples/i2c_scanner/i2c_scanner.ino	MegaCore:avr:2561:BOD=2v7,LTO=Os,clock=1MHz_internal	1.6.12	4638	522	0	false	0	0		0	
2019-01-14 03:21:03	70	70.47	https://travis-ci.org/MCUdude/MegaCore/jobs/479178843	push	false	false	master	4a9b0e1c299b8591dff764820877a420f6f8687d	6d84ff13ed9e...4a9b0e1c299b	Update pinout pic for 64-pin AVR	/home/travis/Arduino/hardware/MegaCore/avr/libraries/Wire/examples/digital_potentiometer/digital_potentiometer.ino	MegaCore:avr:2561:BOD=2v7,LTO=Os,clock=1MHz_internal	1.6.12	2900	218	0	false	0	0		0	
2019-01-14 03:21:08	70	70.47	https://travis-ci.org/MCUdude/MegaCore/jobs/479178843	push	false	false	master	4a9b0e1c299b8591dff764820877a420f6f8687d	6d84ff13ed9e...4a9b0e1c299b	Update pinout pic for 64-pin AVR	/home/travis/Arduino/hardware/MegaCore/avr/libraries/Wire/examples/SFRRanger_reader/SFRRanger_reader.ino	MegaCore:avr:2561:BOD=2v7,LTO=Os,clock=1MHz_internal	1.6.12	4924	408	0	false	0	0		0	
2019-01-14 03:21:13	70	70.47	https://travis-ci.org/MCUdude/MegaCore/jobs/479178843	push	false	false	master	4a9b0e1c299b8591dff764820877a420f6f8687d	6d84ff13ed9e...4a9b0e1c299b	Update pinout pic for 64-pin AVR	/home/travis/Arduino/hardware/MegaCore/avr/libraries/Wire/examples/slave_sender/slave_sender.ino	MegaCore:avr:2561:BOD=2v7,LTO=Os,clock=1MHz_internal	1.6.12	2838	228	0	false	0	0		0	
2019-01-14 03:21:18	70	70.47	https://travis-ci.org/MCUdude/MegaCore/jobs/479178843	push	false	false	master	4a9b0e1c299b8591dff764820877a420f6f8687d	6d84ff13ed9e...4a9b0e1c299b	Update pinout pic for 64-pin AVR	/home/travis/Arduino/hardware/MegaCore/avr/libraries/Wire/examples/master_reader/master_reader.ino	MegaCore:avr:2561:BOD=2v7,LTO=Os,clock=1MHz_internal	1.6.12	4390	390	0	false	0	0		0	
2019-01-14 03:21:23	70	70.47	https://travis-ci.org/MCUdude/MegaCore/jobs/479178843	push	false	false	master	4a9b0e1c299b8591dff764820877a420f6f8687d	6d84ff13ed9e...4a9b0e1c299b	Update pinout pic for 64-pin AVR	/home/travis/Arduino/hardware/MegaCore/avr/libraries/Wire/examples/master_writer/master_writer.ino	MegaCore:avr:2561:BOD=2v7,LTO=Os,clock=1MHz_internal	1.6.12	2914	224	0	false	0	0		0	
2019-01-14 03:21:28	70	70.47	https://travis-ci.org/MCUdude/MegaCore/jobs/479178843	push	false	false	master	4a9b0e1c299b8591dff764820877a420f6f8687d	6d84ff13ed9e...4a9b0e1c299b	Update pinout pic for 64-pin AVR	/home/travis/Arduino/hardware/MegaCore/avr/libraries/SPI/examples/BarometricPressureSensor/BarometricPressureSensor.ino	MegaCore:avr:2561:BOD=2v7,LTO=Os,clock=1MHz_internal	1.6.12	7186	235	1	false	0	0		0	
2019-01-14 03:21:33	70	70.47	https://travis-ci.org/MCUdude/MegaCore/jobs/479178843	push	false	false	master	4a9b0e1c299b8591dff764820877a420f6f8687d	6d84ff13ed9e...4a9b0e1c299b	Update pinout pic for 64-pin AVR	/home/travis/Arduino/hardware/MegaCore/avr/libraries/SPI/examples/DigitalPotControl/DigitalPotControl.ino	MegaCore:avr:2561:BOD=2v7,LTO=Os,clock=1MHz_internal	1.6.12	1826	10	0	false	0	0		0	
2019-01-14 03:21:38	70	70.47	https://travis-ci.org/MCUdude/MegaCore/jobs/479178843	push	false	false	master	4a9b0e1c299b8591dff764820877a420f6f8687d	6d84ff13ed9e...4a9b0e1c299b	Update pinout pic for 64-pin AVR	/home/travis/Arduino/hardware/MegaCore/avr/libraries/EEPROM/examples/eeprom_update/eeprom_update.ino	MegaCore:avr:2561:BOD=2v7,LTO=Os,clock=1MHz_internal	1.6.13	1072	13	1	false	0	0		0	
2019-01-14 03:21:43	70	70.47	https://travis-ci.org/MCUdude/MegaCore/jobs/479178843	push	false	false	master	4a9b0e1c299b8591dff764820877a420f6f8687d	6d84ff13ed9e...4a9b0e1c299b	Update pinout pic for 64-pin AVR	/home/travis/Arduino/hardware/MegaCore/avr/libraries/EEPROM/examples/eeprom_crc/eeprom_crc.ino	MegaCore:avr:2561:BOD=2v7,LTO=Os,clock=1MHz_internal	1.6.13	2676	310	1	false	0	0		0	
2019-01-14 03:21:48	70	70.47	https://travis-ci.org/MCUdude/MegaCore/jobs/479178843	push	false	false	master	4a9b0e1c299b8591dff764820877a420f6f8687d	6d84ff13ed9e...4a9b0e1c299b	Update pinout pic for 64-pin AVR	/home/travis/Arduino/hardware/MegaCore/avr/libraries/EEPROM/examples/eeprom_iteration/eeprom_iteration.ino	MegaCore:avr:2561:BOD=2v7,LTO=Os,clock=1MHz_internal	1.6.13	850	9	3	false	0	0		0	
2019-01-14 03:21:52	70	70.47	https://travis-ci.org/MCUdude/MegaCore/jobs/479178843	push	false	false	master	4a9b0e1c299b8591dff764820877a420f6f8687d	6d84ff13ed9e...4a9b0e1c299b	Update pinout pic for 64-pin AVR	/home/travis/Arduino/hardware/MegaCore/avr/libraries/EEPROM/examples/eeprom_put/eeprom_put.ino	MegaCore:avr:2561:BOD=2v7,LTO=Os,clock=1MHz_internal	1.6.13	2400	340	0	false	0	0		0	
2019-01-14 03:21:57	70	70.47	https://travis-ci.org/MCUdude/MegaCore/jobs/479178843	push	false	false	master	4a9b0e1c299b8591dff764820877a420f6f8687d	6d84ff13ed9e...4a9b0e1c299b	Update pinout pic for 64-pin AVR	/home/travis/Arduino/hardware/MegaCore/avr/libraries/EEPROM/examples/eeprom_clear/eeprom_clear.ino	MegaCore:avr:2561:BOD=2v7,LTO=Os,clock=1MHz_internal	1.6.13	1256	9	1	false	0	0		0	
2019-01-14 03:22:02	70	70.47	https://travis-ci.org/MCUdude/MegaCore/jobs/479178843	push	false	false	master	4a9b0e1c299b8591dff764820877a420f6f8687d	6d84ff13ed9e...4a9b0e1c299b	Update pinout pic for 64-pin AVR	/home/travis/Arduino/hardware/MegaCore/avr/libraries/EEPROM/examples/eeprom_read/eeprom_read.ino	MegaCore:avr:2561:BOD=2v7,LTO=Os,clock=1MHz_internal	1.6.13	2616	203	1	false	0	0		0	
2019-01-14 03:22:07	70	70.47	https://travis-ci.org/MCUdude/MegaCore/jobs/479178843	push	false	false	master	4a9b0e1c299b8591dff764820877a420f6f8687d	6d84ff13ed9e...4a9b0e1c299b	Update pinout pic for 64-pin AVR	/home/travis/Arduino/hardware/MegaCore/avr/libraries/EEPROM/examples/eeprom_get/eeprom_get.ino	MegaCore:avr:2561:BOD=2v7,LTO=Os,clock=1MHz_internal	1.6.13	4154	256	0	false	0	0		0	
2019-01-14 03:22:12	70	70.47	https://travis-ci.org/MCUdude/MegaCore/jobs/479178843	push	false	false	master	4a9b0e1c299b8591dff764820877a420f6f8687d	6d84ff13ed9e...4a9b0e1c299b	Update pinout pic for 64-pin AVR	/home/travis/Arduino/hardware/MegaCore/avr/libraries/EEPROM/examples/eeprom_write/eeprom_write.ino	MegaCore:avr:2561:BOD=2v7,LTO=Os,clock=1MHz_internal	1.6.13	1022	13	1	false	0	0		0	
2019-01-14 03:22:17	70	70.47	https://travis-ci.org/MCUdude/MegaCore/jobs/479178843	push	false	false	master	4a9b0e1c299b8591dff764820877a420f6f8687d	6d84ff13ed9e...4a9b0e1c299b	Update pinout pic for 64-pin AVR	/home/travis/Arduino/hardware/MegaCore/avr/libraries/SoftwareSerial/examples/TwoPortReceive/TwoPortReceive.ino	MegaCore:avr:2561:BOD=2v7,LTO=Os,clock=1MHz_internal	1.6.13	5690	400	0	false	0	0		0	
2019-01-14 03:22:22	70	70.47	https://travis-ci.org/MCUdude/MegaCore/jobs/479178843	push	false	false	master	4a9b0e1c299b8591dff764820877a420f6f8687d	6d84ff13ed9e...4a9b0e1c299b	Update pinout pic for 64-pin AVR	/home/travis/Arduino/hardware/MegaCore/avr/libraries/SoftwareSerial/examples/SoftwareSerialExample/SoftwareSerialExample.ino	MegaCore:avr:2561:BOD=2v7,LTO=Os,clock=1MHz_internal	1.6.13	5604	359	0	false	0	0		0	
2019-01-14 03:22:28	70	70.47	https://travis-ci.org/MCUdude/MegaCore/jobs/479178843	push	false	false	master	4a9b0e1c299b8591dff764820877a420f6f8687d	6d84ff13ed9e...4a9b0e1c299b	Update pinout pic for 64-pin AVR	/home/travis/Arduino/hardware/MegaCore/avr/libraries/SD/examples/ReadWrite/ReadWrite.ino	MegaCore:avr:2561:BOD=2v7,LTO=Os,clock=1MHz_internal	1.6.13	13388	1006	5	false	0	0		0	
2019-01-14 03:22:34	70	70.47	https://travis-ci.org/MCUdude/MegaCore/jobs/479178843	push	false	false	master	4a9b0e1c299b8591dff764820877a420f6f8687d	6d84ff13ed9e...4a9b0e1c299b	Update pinout pic for 64-pin AVR	/home/travis/Arduino/hardware/MegaCore/avr/libraries/SD/examples/Files/Files.ino	MegaCore:avr:2561:BOD=2v7,LTO=Os,clock=1MHz_internal	1.6.13	14010	1040	5	false	0	0		0	
2019-01-14 03:22:39	70	70.47	https://travis-ci.org/MCUdude/MegaCore/jobs/479178843	push	false	false	master	4a9b0e1c299b8591dff764820877a420f6f8687d	6d84ff13ed9e...4a9b0e1c299b	Update pinout pic for 64-pin AVR	/home/travis/Arduino/hardware/MegaCore/avr/libraries/SD/examples/Datalogger/Datalogger.ino	MegaCore:avr:2561:BOD=2v7,LTO=Os,clock=1MHz_internal	1.6.13	14442	937	5	false	0	0		0	
2019-01-14 03:22:45	70	70.47	https://travis-ci.org/MCUdude/MegaCore/jobs/479178843	push	false	false	master	4a9b0e1c299b8591dff764820877a420f6f8687d	6d84ff13ed9e...4a9b0e1c299b	Update pinout pic for 64-pin AVR	/home/travis/Arduino/hardware/MegaCore/avr/libraries/SD/examples/CardInfo/CardInfo.ino	MegaCore:avr:2561:BOD=2v7,LTO=Os,clock=1MHz_internal	1.6.13	11928	1364	5	false	0	0		0	
2019-01-14 03:22:51	70	70.47	https://travis-ci.org/MCUdude/MegaCore/jobs/479178843	push	false	false	master	4a9b0e1c299b8591dff764820877a420f6f8687d	6d84ff13ed9e...4a9b0e1c299b	Update pinout pic for 64-pin AVR	/home/travis/Arduino/hardware/MegaCore/avr/libraries/SD/examples/listfiles/listfiles.ino	MegaCore:avr:2561:BOD=2v7,LTO=Os,clock=1MHz_internal	1.6.13	14118	942	5	false	0	0		0	
2019-01-14 03:22:57	70	70.47	https://travis-ci.org/MCUdude/MegaCore/jobs/479178843	push	false	false	master	4a9b0e1c299b8591dff764820877a420f6f8687d	6d84ff13ed9e...4a9b0e1c299b	Update pinout pic for 64-pin AVR	/home/travis/Arduino/hardware/MegaCore/avr/libraries/SD/examples/DumpFile/DumpFile.ino	MegaCore:avr:2561:BOD=2v7,LTO=Os,clock=1MHz_internal	1.6.13	13058	935	5	false	0	0		0	
2019-01-14 03:23:02	70	70.47	https://travis-ci.org/MCUdude/MegaCore/jobs/479178843	push	false	false	master	4a9b0e1c299b8591dff764820877a420f6f8687d	6d84ff13ed9e...4a9b0e1c299b	Update pinout pic for 64-pin AVR	/home/travis/Arduino/hardware/MegaCore/avr/libraries/Timer/examples/Events/Events.ino	MegaCore:avr:2561:BOD=2v7,LTO=Os,clock=1MHz_internal	1.6.13	4368	550	0	false	0	0		0	
2019-01-14 03:23:07	70	70.47	https://travis-ci.org/MCUdude/MegaCore/jobs/479178843	push	false	false	master	4a9b0e1c299b8591dff764820877a420f6f8687d	6d84ff13ed9e...4a9b0e1c299b	Update pinout pic for 64-pin AVR	/home/travis/Arduino/hardware/MegaCore/avr/libraries/Timer/examples/Multitasking/Multitasking.ino	MegaCore:avr:2561:BOD=2v7,LTO=Os,clock=1MHz_internal	1.6.13	3866	454	1	false	0	0		0	
2019-01-14 03:23:13	70	70.47	https://travis-ci.org/MCUdude/MegaCore/jobs/479178843	push	false	false	master	4a9b0e1c299b8591dff764820877a420f6f8687d	6d84ff13ed9e...4a9b0e1c299b	Update pinout pic for 64-pin AVR	/home/travis/Arduino/hardware/MegaCore/avr/libraries/Timer/examples/Pin_high_10_minutes/Pin_high_10_minutes.ino	MegaCore:avr:2561:BOD=2v7,LTO=Os,clock=1MHz_internal	1.6.13	1972	205	1	false	0	0		0	
2019-01-14 03:23:18	70	70.47	https://travis-ci.org/MCUdude/MegaCore/jobs/479178843	push	false	false	master	4a9b0e1c299b8591dff764820877a420f6f8687d	6d84ff13ed9e...4a9b0e1c299b	Update pinout pic for 64-pin AVR	/home/travis/Arduino/hardware/MegaCore/avr/libraries/Timer/examples/TimerTest/TimerTest.ino	MegaCore:avr:2561:BOD=2v7,LTO=Os,clock=1MHz_internal	1.6.13	1936	203	0	false	0	0		0	
2019-01-14 03:23:23	70	70.47	https://travis-ci.org/MCUdude/MegaCore/jobs/479178843	push	false	false	master	4a9b0e1c299b8591dff764820877a420f6f8687d	6d84ff13ed9e...4a9b0e1c299b	Update pinout pic for 64-pin AVR	/home/travis/Arduino/hardware/MegaCore/avr/libraries/Optiboot_flasher/examples/SerialReadWrite/SerialReadWrite.ino	MegaCore:avr:2561:BOD=2v7,LTO=Os,clock=1MHz_internal	1.6.13	8018	465	0	false	0	0		0	
2019-01-14 03:23:28	70	70.47	https://travis-ci.org/MCUdude/MegaCore/jobs/479178843	push	false	false	master	4a9b0e1c299b8591dff764820877a420f6f8687d	6d84ff13ed9e...4a9b0e1c299b	Update pinout pic for 64-pin AVR	/home/travis/Arduino/hardware/MegaCore/avr/libraries/Servo/examples/Sweep/Sweep.ino	MegaCore:avr:2561:BOD=2v7,LTO=Os,clock=1MHz_internal	1.6.13	3342	93	0	false	0	0		0	
2019-01-14 03:23:33	70	70.47	https://travis-ci.org/MCUdude/MegaCore/jobs/479178843	push	false	false	master	4a9b0e1c299b8591dff764820877a420f6f8687d	6d84ff13ed9e...4a9b0e1c299b	Update pinout pic for 64-pin AVR	/home/travis/Arduino/hardware/MegaCore/avr/libraries/Servo/examples/Knob/Knob.ino	MegaCore:avr:2561:BOD=2v7,LTO=Os,clock=1MHz_internal	1.6.13	3420	97	0	false	0	0		0	
2019-01-14 03:23:37	70	70.47	https://travis-ci.org/MCUdude/MegaCore/jobs/479178843	push	false	false	master	4a9b0e1c299b8591dff764820877a420f6f8687d	6d84ff13ed9e...4a9b0e1c299b	Update pinout pic for 64-pin AVR	/home/travis/Arduino/hardware/MegaCore/avr/libraries/AVR_examples/examples/Measure_period_length/Measure_period_length.ino	MegaCore:avr:2561:BOD=2v7,LTO=Os,clock=1MHz_internal	1.6.13	1936	200	0	false	0	0		0	
2019-01-14 03:23:42	70	70.47	https://travis-ci.org/MCUdude/MegaCore/jobs/479178843	push	false	false	master	4a9b0e1c299b8591dff764820877a420f6f8687d	6d84ff13ed9e...4a9b0e1c299b	Update pinout pic for 64-pin AVR	/home/travis/Arduino/hardware/MegaCore/avr/libraries/AVR_examples/examples/Watch_dog_timer/Watch_dog_timer.ino	MegaCore:avr:2561:BOD=2v7,LTO=Os,clock=1MHz_internal	1.6.13	338	2	0	false	0	0		0	
2019-01-14 03:23:47	70	70.47	https://travis-ci.org/MCUdude/MegaCore/jobs/479178843	push	false	false	master	4a9b0e1c299b8591dff764820877a420f6f8687d	6d84ff13ed9e...4a9b0e1c299b	Update pinout pic for 64-pin AVR	/home/travis/Arduino/hardware/MegaCore/avr/libraries/AVR_examples/examples/Blink_using_Timer0/Blink_using_Timer0.ino	MegaCore:avr:2561:BOD=2v7,LTO=Os,clock=1MHz_internal	1.6.13	346	3	0	false	0	0		0	
2019-01-14 03:23:52	70	70.47	https://travis-ci.org/MCUdude/MegaCore/jobs/479178843	push	false	false	master	4a9b0e1c299b8591dff764820877a420f6f8687d	6d84ff13ed9e...4a9b0e1c299b	Update pinout pic for 64-pin AVR	/home/travis/Arduino/hardware/MegaCore/avr/libraries/AVR_examples/examples/Read_port_write_port/Read_port_write_port.ino	MegaCore:avr:2561:BOD=2v7,LTO=Os,clock=1MHz_internal	1.6.13	248	0	0	false	0	0		0	
2019-01-14 03:23:57	70	70.47	https://travis-ci.org/MCUdude/MegaCore/jobs/479178843	push	false	false	master	4a9b0e1c299b8591dff764820877a420f6f8687d	6d84ff13ed9e...4a9b0e1c299b	Update pinout pic for 64-pin AVR	/home/travis/Arduino/hardware/MegaCore/avr/libraries/AVR_examples/examples/Blink/Blink.ino	MegaCore:avr:2561:BOD=2v7,LTO=Os,clock=1MHz_internal	1.6.13	280	0	0	false	0	0		0	
2019-01-14 03:24:03	70	70.47	https://travis-ci.org/MCUdude/MegaCore/jobs/479178843	push	false	false	master	4a9b0e1c299b8591dff764820877a420f6f8687d	6d84ff13ed9e...4a9b0e1c299b	Update pinout pic for 64-pin AVR	/home/travis/Arduino/hardware/MegaCore/avr/libraries/Ethernet/examples/AdvancedChatServer/AdvancedChatServer.ino	MegaCore:avr:2561:BOD=2v7,LTO=Os,clock=1MHz_internal	1.6.13	13042	538	1	false	0	0		0	
2019-01-14 03:24:09	70	70.47	https://travis-ci.org/MCUdude/MegaCore/jobs/479178843	push	false	false	master	4a9b0e1c299b8591dff764820877a420f6f8687d	6d84ff13ed9e...4a9b0e1c299b	Update pinout pic for 64-pin AVR	/home/travis/Arduino/hardware/MegaCore/avr/libraries/Ethernet/examples/BarometricPressureWebServer/BarometricPressureWebServer.ino	MegaCore:avr:2561:BOD=2v7,LTO=Os,clock=1MHz_internal	1.6.13	17198	542	3	false	0	0		0	
2019-01-14 03:24:15	70	70.47	https://travis-ci.org/MCUdude/MegaCore/jobs/479178843	push	false	false	master	4a9b0e1c299b8591dff764820877a420f6f8687d	6d84ff13ed9e...4a9b0e1c299b	Update pinout pic for 64-pin AVR	/home/travis/Arduino/hardware/MegaCore/avr/libraries/Ethernet/examples/WebClient/WebClient.ino	MegaCore:avr:2561:BOD=2v7,LTO=Os,clock=1MHz_internal	1.6.13	15596	691	1	false	0	0		0	
2019-01-14 03:24:21	70	70.47	https://travis-ci.org/MCUdude/MegaCore/jobs/479178843	push	false	false	master	4a9b0e1c299b8591dff764820877a420f6f8687d	6d84ff13ed9e...4a9b0e1c299b	Update pinout pic for 64-pin AVR	/home/travis/Arduino/hardware/MegaCore/avr/libraries/Ethernet/examples/WebClientRepeating/WebClientRepeating.ino	MegaCore:avr:2561:BOD=2v7,LTO=Os,clock=1MHz_internal	1.6.13	12180	567	1	false	0	0		0	
2019-01-14 03:24:27	70	70.47	https://travis-ci.org/MCUdude/MegaCore/jobs/479178843	push	false	false	master	4a9b0e1c299b8591dff764820877a420f6f8687d	6d84ff13ed9e...4a9b0e1c299b	Update pinout pic for 64-pin AVR	/home/travis/Arduino/hardware/MegaCore/avr/libraries/Ethernet/examples/WebServer/WebServer.ino	MegaCore:avr:2561:BOD=2v7,LTO=Os,clock=1MHz_internal	1.6.13	13562	576	1	false	0	0		0	
2019-01-14 03:24:33	70	70.47	https://travis-ci.org/MCUdude/MegaCore/jobs/479178843	push	false	false	master	4a9b0e1c299b8591dff764820877a420f6f8687d	6d84ff13ed9e...4a9b0e1c299b	Update pinout pic for 64-pin AVR	/home/travis/Arduino/hardware/MegaCore/avr/libraries/Ethernet/examples/UdpNtpClient/UdpNtpClient.ino	MegaCore:avr:2561:BOD=2v7,LTO=Os,clock=1MHz_internal	1.6.13	14026	641	1	false	0	0		0	
2019-01-14 03:24:39	70	70.47	https://travis-ci.org/MCUdude/MegaCore/jobs/479178843	push	false	false	master	4a9b0e1c299b8591dff764820877a420f6f8687d	6d84ff13ed9e...4a9b0e1c299b	Update pinout pic for 64-pin AVR	/home/travis/Arduino/hardware/MegaCore/avr/libraries/Ethernet/examples/DhcpChatServer/DhcpChatServer.ino	MegaCore:avr:2561:BOD=2v7,LTO=Os,clock=1MHz_internal	1.6.13	16712	665	1	false	0	0		0	
2019-01-14 03:24:45	70	70.47	https://travis-ci.org/MCUdude/MegaCore/jobs/479178843	push	false	false	master	4a9b0e1c299b8591dff764820877a420f6f8687d	6d84ff13ed9e...4a9b0e1c299b	Update pinout pic for 64-pin AVR	/home/travis/Arduino/hardware/MegaCore/avr/libraries/Ethernet/examples/DhcpAddressPrinter/DhcpAddressPrinter.ino	MegaCore:avr:2561:BOD=2v7,LTO=Os,clock=1MHz_internal	1.6.13	15334	631	1	false	0	0		0	
2019-01-14 03:24:50	70	70.47	https://travis-ci.org/MCUdude/MegaCore/jobs/479178843	push	false	false	master	4a9b0e1c299b8591dff764820877a420f6f8687d	6d84ff13ed9e...4a9b0e1c299b	Update pinout pic for 64-pin AVR	/home/travis/Arduino/hardware/MegaCore/avr/libraries/Ethernet/examples/TelnetClient/TelnetClient.ino	MegaCore:avr:2561:BOD=2v7,LTO=Os,clock=1MHz_internal	1.6.13	12032	463	1	false	0	0		0	
2019-01-14 03:24:56	70	70.47	https://travis-ci.org/MCUdude/MegaCore/jobs/479178843	push	false	false	master	4a9b0e1c299b8591dff764820877a420f6f8687d	6d84ff13ed9e...4a9b0e1c299b	Update pinout pic for 64-pin AVR	/home/travis/Arduino/hardware/MegaCore/avr/libraries/Ethernet/examples/UDPSendReceiveString/UDPSendReceiveString.ino	MegaCore:avr:2561:BOD=2v7,LTO=Os,clock=1MHz_internal	1.6.13	10800	467	1	false	0	0		0	
2019-01-14 03:25:03	70	70.47	https://travis-ci.org/MCUdude/MegaCore/jobs/479178843	push	false	false	master	4a9b0e1c299b8591dff764820877a420f6f8687d	6d84ff13ed9e...4a9b0e1c299b	Update pinout pic for 64-pin AVR	/home/travis/Arduino/hardware/MegaCore/avr/libraries/Ethernet/examples/ChatServer/ChatServer.ino	MegaCore:avr:2561:BOD=2v7,LTO=Os,clock=1MHz_internal	1.6.13	12622	479	1	false	0	0		0	
2019-01-14 03:25:07	70	70.47	https://travis-ci.org/MCUdude/MegaCore/jobs/479178843	push	false	false	master	4a9b0e1c299b8591dff764820877a420f6f8687d	6d84ff13ed9e...4a9b0e1c299b	Update pinout pic for 64-pin AVR	/home/travis/Arduino/hardware/MegaCore/avr/libraries/Wire/examples/slave_receiver/slave_receiver.ino	MegaCore:avr:2561:BOD=2v7,LTO=Os,clock=1MHz_internal	1.6.13	4426	409	1	false	0	0		0	
2019-01-14 03:25:12	70	70.47	https://travis-ci.org/MCUdude/MegaCore/jobs/479178843	push	false	false	master	4a9b0e1c299b8591dff764820877a420f6f8687d	6d84ff13ed9e...4a9b0e1c299b	Update pinout pic for 64-pin AVR	/home/travis/Arduino/hardware/MegaCore/avr/libraries/Wire/examples/i2c_scanner/i2c_scanner.ino	MegaCore:avr:2561:BOD=2v7,LTO=Os,clock=1MHz_internal	1.6.13	4638	522	0	false	0	0		0	
2019-01-14 03:25:17	70	70.47	https://travis-ci.org/MCUdude/MegaCore/jobs/479178843	push	false	false	master	4a9b0e1c299b8591dff764820877a420f6f8687d	6d84ff13ed9e...4a9b0e1c299b	Update pinout pic for 64-pin AVR	/home/travis/Arduino/hardware/MegaCore/avr/libraries/Wire/examples/digital_potentiometer/digital_potentiometer.ino	MegaCore:avr:2561:BOD=2v7,LTO=Os,clock=1MHz_internal	1.6.13	2900	218	0	false	0	0		0	
2019-01-14 03:25:23	70	70.47	https://travis-ci.org/MCUdude/MegaCore/jobs/479178843	push	false	false	master	4a9b0e1c299b8591dff764820877a420f6f8687d	6d84ff13ed9e...4a9b0e1c299b	Update pinout pic for 64-pin AVR	/home/travis/Arduino/hardware/MegaCore/avr/libraries/Wire/examples/SFRRanger_reader/SFRRanger_reader.ino	MegaCore:avr:2561:BOD=2v7,LTO=Os,clock=1MHz_internal	1.6.13	4924	408	0	false	0	0		0	
2019-01-14 03:25:27	70	70.47	https://travis-ci.org/MCUdude/MegaCore/jobs/479178843	push	false	false	master	4a9b0e1c299b8591dff764820877a420f6f8687d	6d84ff13ed9e...4a9b0e1c299b	Update pinout pic for 64-pin AVR	/home/travis/Arduino/hardware/MegaCore/avr/libraries/Wire/examples/slave_sender/slave_sender.ino	MegaCore:avr:2561:BOD=2v7,LTO=Os,clock=1MHz_internal	1.6.13	2838	228	0	false	0	0		0	
2019-01-14 03:25:32	70	70.47	https://travis-ci.org/MCUdude/MegaCore/jobs/479178843	push	false	false	master	4a9b0e1c299b8591dff764820877a420f6f8687d	6d84ff13ed9e...4a9b0e1c299b	Update pinout pic for 64-pin AVR	/home/travis/Arduino/hardware/MegaCore/avr/libraries/Wire/examples/master_reader/master_reader.ino	MegaCore:avr:2561:BOD=2v7,LTO=Os,clock=1MHz_internal	1.6.13	4390	390	0	false	0	0		0	
2019-01-14 03:25:37	70	70.47	https://travis-ci.org/MCUdude/MegaCore/jobs/479178843	push	false	false	master	4a9b0e1c299b8591dff764820877a420f6f8687d	6d84ff13ed9e...4a9b0e1c299b	Update pinout pic for 64-pin AVR	/home/travis/Arduino/hardware/MegaCore/avr/libraries/Wire/examples/master_writer/master_writer.ino	MegaCore:avr:2561:BOD=2v7,LTO=Os,clock=1MHz_internal	1.6.13	2914	224	0	false	0	0		0	
2019-01-14 03:25:42	70	70.47	https://travis-ci.org/MCUdude/MegaCore/jobs/479178843	push	false	false	master	4a9b0e1c299b8591dff764820877a420f6f8687d	6d84ff13ed9e...4a9b0e1c299b	Update pinout pic for 64-pin AVR	/home/travis/Arduino/hardware/MegaCore/avr/libraries/SPI/examples/BarometricPressureSensor/BarometricPressureSensor.ino	MegaCore:avr:2561:BOD=2v7,LTO=Os,clock=1MHz_internal	1.6.13	7186	235	1	false	0	0		0	
2019-01-14 03:25:47	70	70.47	https://travis-ci.org/MCUdude/MegaCore/jobs/479178843	push	false	false	master	4a9b0e1c299b8591dff764820877a420f6f8687d	6d84ff13ed9e...4a9b0e1c299b	Update pinout pic for 64-pin AVR	/home/travis/Arduino/hardware/MegaCore/avr/libraries/SPI/examples/DigitalPotControl/DigitalPotControl.ino	MegaCore:avr:2561:BOD=2v7,LTO=Os,clock=1MHz_internal	1.6.13	1826	10	0	false	0	0		0	
