Build Timestamp (UTC)	Build	Job	Job URL	Build Trigger	Allow Job Failure	PR#	Branch	Commit	Commit Range	Commit Message	Sketch Filename	Board ID	IDE Version	Program Storage (bytes)	Dynamic Memory (bytes)	# Warnings	Allow Failure	Exit Status	# Board Issues	Board Issue	# Library Issues	Library Issue
2021-03-31 07:19:34	193	193.16	https://travis-ci.org/MCUdude/MightyCore/jobs/765252338	push		false	master	88613af09b616691d2e399edea6582406584af78	80f452f36f67...88613af09b61	Use ifdef to remove functions that aren't compatible with MCUs with 64kiB flash or less	/home/travis/Arduino/hardware/MightyCore/avr/libraries/AVR_examples/examples/Blink_using_Timer0/Blink_using_Timer0.ino	MightyCore:avr:324:pinout=standard,variant=modelP,BOD=2v7,LTO=Os_flto,clock=20MHz_external	1.6.11			0	false	0	0		0	
2021-03-31 07:19:38	193	193.16	https://travis-ci.org/MCUdude/MightyCore/jobs/765252338	push		false	master	88613af09b616691d2e399edea6582406584af78	80f452f36f67...88613af09b61	Use ifdef to remove functions that aren't compatible with MCUs with 64kiB flash or less	/home/travis/Arduino/hardware/MightyCore/avr/libraries/AVR_examples/examples/Read_port_write_port/Read_port_write_port.ino	MightyCore:avr:324:pinout=standard,variant=modelP,BOD=2v7,LTO=Os_flto,clock=20MHz_external	1.6.11			0	false	0	0		0	
2021-03-31 07:19:43	193	193.16	https://travis-ci.org/MCUdude/MightyCore/jobs/765252338	push		false	master	88613af09b616691d2e399edea6582406584af78	80f452f36f67...88613af09b61	Use ifdef to remove functions that aren't compatible with MCUs with 64kiB flash or less	/home/travis/Arduino/hardware/MightyCore/avr/libraries/AVR_examples/examples/Measure_period_length/Measure_period_length.ino	MightyCore:avr:324:pinout=standard,variant=modelP,BOD=2v7,LTO=Os_flto,clock=20MHz_external	1.6.11			0	false	0	0		0	
2021-03-31 07:19:47	193	193.16	https://travis-ci.org/MCUdude/MightyCore/jobs/765252338	push		false	master	88613af09b616691d2e399edea6582406584af78	80f452f36f67...88613af09b61	Use ifdef to remove functions that aren't compatible with MCUs with 64kiB flash or less	/home/travis/Arduino/hardware/MightyCore/avr/libraries/AVR_examples/examples/Watch_dog_timer/Watch_dog_timer.ino	MightyCore:avr:324:pinout=standard,variant=modelP,BOD=2v7,LTO=Os_flto,clock=20MHz_external	1.6.11			0	false	0	0		0	
2021-03-31 07:19:52	193	193.16	https://travis-ci.org/MCUdude/MightyCore/jobs/765252338	push		false	master	88613af09b616691d2e399edea6582406584af78	80f452f36f67...88613af09b61	Use ifdef to remove functions that aren't compatible with MCUs with 64kiB flash or less	/home/travis/Arduino/hardware/MightyCore/avr/libraries/AVR_examples/examples/Blink/Blink.ino	MightyCore:avr:324:pinout=standard,variant=modelP,BOD=2v7,LTO=Os_flto,clock=20MHz_external	1.6.11			0	false	0	0		0	
2021-03-31 07:19:57	193	193.16	https://travis-ci.org/MCUdude/MightyCore/jobs/765252338	push		false	master	88613af09b616691d2e399edea6582406584af78	80f452f36f67...88613af09b61	Use ifdef to remove functions that aren't compatible with MCUs with 64kiB flash or less	/home/travis/Arduino/hardware/MightyCore/avr/libraries/SD/examples/Datalogger/Datalogger.ino	MightyCore:avr:324:pinout=standard,variant=modelP,BOD=2v7,LTO=Os_flto,clock=20MHz_external	1.6.11			0	false	0	0		0	
2021-03-31 07:20:02	193	193.16	https://travis-ci.org/MCUdude/MightyCore/jobs/765252338	push		false	master	88613af09b616691d2e399edea6582406584af78	80f452f36f67...88613af09b61	Use ifdef to remove functions that aren't compatible with MCUs with 64kiB flash or less	/home/travis/Arduino/hardware/MightyCore/avr/libraries/SD/examples/CardInfo/CardInfo.ino	MightyCore:avr:324:pinout=standard,variant=modelP,BOD=2v7,LTO=Os_flto,clock=20MHz_external	1.6.11			0	false	0	0		0	
2021-03-31 07:20:07	193	193.16	https://travis-ci.org/MCUdude/MightyCore/jobs/765252338	push		false	master	88613af09b616691d2e399edea6582406584af78	80f452f36f67...88613af09b61	Use ifdef to remove functions that aren't compatible with MCUs with 64kiB flash or less	/home/travis/Arduino/hardware/MightyCore/avr/libraries/SD/examples/ReadWrite/ReadWrite.ino	MightyCore:avr:324:pinout=standard,variant=modelP,BOD=2v7,LTO=Os_flto,clock=20MHz_external	1.6.11			0	false	0	0		0	
2021-03-31 07:20:12	193	193.16	https://travis-ci.org/MCUdude/MightyCore/jobs/765252338	push		false	master	88613af09b616691d2e399edea6582406584af78	80f452f36f67...88613af09b61	Use ifdef to remove functions that aren't compatible with MCUs with 64kiB flash or less	/home/travis/Arduino/hardware/MightyCore/avr/libraries/SD/examples/listfiles/listfiles.ino	MightyCore:avr:324:pinout=standard,variant=modelP,BOD=2v7,LTO=Os_flto,clock=20MHz_external	1.6.11			0	false	0	0		0	
2021-03-31 07:20:17	193	193.16	https://travis-ci.org/MCUdude/MightyCore/jobs/765252338	push		false	master	88613af09b616691d2e399edea6582406584af78	80f452f36f67...88613af09b61	Use ifdef to remove functions that aren't compatible with MCUs with 64kiB flash or less	/home/travis/Arduino/hardware/MightyCore/avr/libraries/SD/examples/DumpFile/DumpFile.ino	MightyCore:avr:324:pinout=standard,variant=modelP,BOD=2v7,LTO=Os_flto,clock=20MHz_external	1.6.11			0	false	0	0		0	
2021-03-31 07:20:22	193	193.16	https://travis-ci.org/MCUdude/MightyCore/jobs/765252338	push		false	master	88613af09b616691d2e399edea6582406584af78	80f452f36f67...88613af09b61	Use ifdef to remove functions that aren't compatible with MCUs with 64kiB flash or less	/home/travis/Arduino/hardware/MightyCore/avr/libraries/SD/examples/Files/Files.ino	MightyCore:avr:324:pinout=standard,variant=modelP,BOD=2v7,LTO=Os_flto,clock=20MHz_external	1.6.11			0	false	0	0		0	
2021-03-31 07:20:27	193	193.16	https://travis-ci.org/MCUdude/MightyCore/jobs/765252338	push		false	master	88613af09b616691d2e399edea6582406584af78	80f452f36f67...88613af09b61	Use ifdef to remove functions that aren't compatible with MCUs with 64kiB flash or less	/home/travis/Arduino/hardware/MightyCore/avr/libraries/SoftwareSerial/examples/SoftwareSerialExample/SoftwareSerialExample.ino	MightyCore:avr:324:pinout=standard,variant=modelP,BOD=2v7,LTO=Os_flto,clock=20MHz_external	1.6.11			0	false	0	0		0	
2021-03-31 07:20:31	193	193.16	https://travis-ci.org/MCUdude/MightyCore/jobs/765252338	push		false	master	88613af09b616691d2e399edea6582406584af78	80f452f36f67...88613af09b61	Use ifdef to remove functions that aren't compatible with MCUs with 64kiB flash or less	/home/travis/Arduino/hardware/MightyCore/avr/libraries/SoftwareSerial/examples/TwoPortReceive/TwoPortReceive.ino	MightyCore:avr:324:pinout=standard,variant=modelP,BOD=2v7,LTO=Os_flto,clock=20MHz_external	1.6.11			0	false	0	0		0	
2021-03-31 07:20:36	193	193.16	https://travis-ci.org/MCUdude/MightyCore/jobs/765252338	push		false	master	88613af09b616691d2e399edea6582406584af78	80f452f36f67...88613af09b61	Use ifdef to remove functions that aren't compatible with MCUs with 64kiB flash or less	/home/travis/Arduino/hardware/MightyCore/avr/libraries/Servo/examples/Knob/Knob.ino	MightyCore:avr:324:pinout=standard,variant=modelP,BOD=2v7,LTO=Os_flto,clock=20MHz_external	1.6.11			0	false	0	0		0	
2021-03-31 07:20:40	193	193.16	https://travis-ci.org/MCUdude/MightyCore/jobs/765252338	push		false	master	88613af09b616691d2e399edea6582406584af78	80f452f36f67...88613af09b61	Use ifdef to remove functions that aren't compatible with MCUs with 64kiB flash or less	/home/travis/Arduino/hardware/MightyCore/avr/libraries/Servo/examples/Sweep/Sweep.ino	MightyCore:avr:324:pinout=standard,variant=modelP,BOD=2v7,LTO=Os_flto,clock=20MHz_external	1.6.11			0	false	0	0		0	
2021-03-31 07:20:44	193	193.16	https://travis-ci.org/MCUdude/MightyCore/jobs/765252338	push		false	master	88613af09b616691d2e399edea6582406584af78	80f452f36f67...88613af09b61	Use ifdef to remove functions that aren't compatible with MCUs with 64kiB flash or less	/home/travis/Arduino/hardware/MightyCore/avr/libraries/EEPROM/examples/eeprom_get/eeprom_get.ino	MightyCore:avr:324:pinout=standard,variant=modelP,BOD=2v7,LTO=Os_flto,clock=20MHz_external	1.6.11			0	false	0	0		0	
2021-03-31 07:20:49	193	193.16	https://travis-ci.org/MCUdude/MightyCore/jobs/765252338	push		false	master	88613af09b616691d2e399edea6582406584af78	80f452f36f67...88613af09b61	Use ifdef to remove functions that aren't compatible with MCUs with 64kiB flash or less	/home/travis/Arduino/hardware/MightyCore/avr/libraries/EEPROM/examples/eeprom_crc/eeprom_crc.ino	MightyCore:avr:324:pinout=standard,variant=modelP,BOD=2v7,LTO=Os_flto,clock=20MHz_external	1.6.11			0	false	0	0		0	
2021-03-31 07:20:53	193	193.16	https://travis-ci.org/MCUdude/MightyCore/jobs/765252338	push		false	master	88613af09b616691d2e399edea6582406584af78	80f452f36f67...88613af09b61	Use ifdef to remove functions that aren't compatible with MCUs with 64kiB flash or less	/home/travis/Arduino/hardware/MightyCore/avr/libraries/EEPROM/examples/eeprom_read/eeprom_read.ino	MightyCore:avr:324:pinout=standard,variant=modelP,BOD=2v7,LTO=Os_flto,clock=20MHz_external	1.6.11			0	false	0	0		0	
2021-03-31 07:20:58	193	193.16	https://travis-ci.org/MCUdude/MightyCore/jobs/765252338	push		false	master	88613af09b616691d2e399edea6582406584af78	80f452f36f67...88613af09b61	Use ifdef to remove functions that aren't compatible with MCUs with 64kiB flash or less	/home/travis/Arduino/hardware/MightyCore/avr/libraries/EEPROM/examples/eeprom_clear/eeprom_clear.ino	MightyCore:avr:324:pinout=standard,variant=modelP,BOD=2v7,LTO=Os_flto,clock=20MHz_external	1.6.11			0	false	0	0		0	
2021-03-31 07:21:02	193	193.16	https://travis-ci.org/MCUdude/MightyCore/jobs/765252338	push		false	master	88613af09b616691d2e399edea6582406584af78	80f452f36f67...88613af09b61	Use ifdef to remove functions that aren't compatible with MCUs with 64kiB flash or less	/home/travis/Arduino/hardware/MightyCore/avr/libraries/EEPROM/examples/eeprom_write/eeprom_write.ino	MightyCore:avr:324:pinout=standard,variant=modelP,BOD=2v7,LTO=Os_flto,clock=20MHz_external	1.6.11			0	false	0	0		0	
2021-03-31 07:21:06	193	193.16	https://travis-ci.org/MCUdude/MightyCore/jobs/765252338	push		false	master	88613af09b616691d2e399edea6582406584af78	80f452f36f67...88613af09b61	Use ifdef to remove functions that aren't compatible with MCUs with 64kiB flash or less	/home/travis/Arduino/hardware/MightyCore/avr/libraries/EEPROM/examples/eeprom_iteration/eeprom_iteration.ino	MightyCore:avr:324:pinout=standard,variant=modelP,BOD=2v7,LTO=Os_flto,clock=20MHz_external	1.6.11			0	false	0	0		0	
2021-03-31 07:21:10	193	193.16	https://travis-ci.org/MCUdude/MightyCore/jobs/765252338	push		false	master	88613af09b616691d2e399edea6582406584af78	80f452f36f67...88613af09b61	Use ifdef to remove functions that aren't compatible with MCUs with 64kiB flash or less	/home/travis/Arduino/hardware/MightyCore/avr/libraries/EEPROM/examples/eeprom_update/eeprom_update.ino	MightyCore:avr:324:pinout=standard,variant=modelP,BOD=2v7,LTO=Os_flto,clock=20MHz_external	1.6.11			0	false	0	0		0	
2021-03-31 07:21:15	193	193.16	https://travis-ci.org/MCUdude/MightyCore/jobs/765252338	push		false	master	88613af09b616691d2e399edea6582406584af78	80f452f36f67...88613af09b61	Use ifdef to remove functions that aren't compatible with MCUs with 64kiB flash or less	/home/travis/Arduino/hardware/MightyCore/avr/libraries/EEPROM/examples/eeprom_put/eeprom_put.ino	MightyCore:avr:324:pinout=standard,variant=modelP,BOD=2v7,LTO=Os_flto,clock=20MHz_external	1.6.11			0	false	0	0		0	
2021-03-31 07:21:18	193	193.16	https://travis-ci.org/MCUdude/MightyCore/jobs/765252338	push		false	master	88613af09b616691d2e399edea6582406584af78	80f452f36f67...88613af09b61	Use ifdef to remove functions that aren't compatible with MCUs with 64kiB flash or less	/home/travis/Arduino/hardware/MightyCore/avr/libraries/Optiboot_flasher/examples/SerialReadWrite/SerialReadWrite.ino	MightyCore:avr:324:pinout=standard,variant=modelP,BOD=2v7,LTO=Os_flto,clock=20MHz_external	1.6.11				false	1				
2021-03-31 07:21:23	193	193.16	https://travis-ci.org/MCUdude/MightyCore/jobs/765252338	push		false	master	88613af09b616691d2e399edea6582406584af78	80f452f36f67...88613af09b61	Use ifdef to remove functions that aren't compatible with MCUs with 64kiB flash or less	/home/travis/Arduino/hardware/MightyCore/avr/libraries/Timer/examples/Events/Events.ino	MightyCore:avr:324:pinout=standard,variant=modelP,BOD=2v7,LTO=Os_flto,clock=20MHz_external	1.6.11			0	false	0	0		0	
2021-03-31 07:21:27	193	193.16	https://travis-ci.org/MCUdude/MightyCore/jobs/765252338	push		false	master	88613af09b616691d2e399edea6582406584af78	80f452f36f67...88613af09b61	Use ifdef to remove functions that aren't compatible with MCUs with 64kiB flash or less	/home/travis/Arduino/hardware/MightyCore/avr/libraries/Timer/examples/Pin_high_10_minutes/Pin_high_10_minutes.ino	MightyCore:avr:324:pinout=standard,variant=modelP,BOD=2v7,LTO=Os_flto,clock=20MHz_external	1.6.11			0	false	0	0		0	
2021-03-31 07:21:32	193	193.16	https://travis-ci.org/MCUdude/MightyCore/jobs/765252338	push		false	master	88613af09b616691d2e399edea6582406584af78	80f452f36f67...88613af09b61	Use ifdef to remove functions that aren't compatible with MCUs with 64kiB flash or less	/home/travis/Arduino/hardware/MightyCore/avr/libraries/Timer/examples/Multitasking/Multitasking.ino	MightyCore:avr:324:pinout=standard,variant=modelP,BOD=2v7,LTO=Os_flto,clock=20MHz_external	1.6.11			0	false	0	0		0	
2021-03-31 07:21:36	193	193.16	https://travis-ci.org/MCUdude/MightyCore/jobs/765252338	push		false	master	88613af09b616691d2e399edea6582406584af78	80f452f36f67...88613af09b61	Use ifdef to remove functions that aren't compatible with MCUs with 64kiB flash or less	/home/travis/Arduino/hardware/MightyCore/avr/libraries/Timer/examples/TimerTest/TimerTest.ino	MightyCore:avr:324:pinout=standard,variant=modelP,BOD=2v7,LTO=Os_flto,clock=20MHz_external	1.6.11			0	false	0	0		0	
2021-03-31 07:21:41	193	193.16	https://travis-ci.org/MCUdude/MightyCore/jobs/765252338	push		false	master	88613af09b616691d2e399edea6582406584af78	80f452f36f67...88613af09b61	Use ifdef to remove functions that aren't compatible with MCUs with 64kiB flash or less	/home/travis/Arduino/hardware/MightyCore/avr/libraries/SPI/examples/BarometricPressureSensor/BarometricPressureSensor.ino	MightyCore:avr:324:pinout=standard,variant=modelP,BOD=2v7,LTO=Os_flto,clock=20MHz_external	1.6.11			1	false	0	0		0	
2021-03-31 07:21:45	193	193.16	https://travis-ci.org/MCUdude/MightyCore/jobs/765252338	push		false	master	88613af09b616691d2e399edea6582406584af78	80f452f36f67...88613af09b61	Use ifdef to remove functions that aren't compatible with MCUs with 64kiB flash or less	/home/travis/Arduino/hardware/MightyCore/avr/libraries/SPI/examples/DigitalPotControl/DigitalPotControl.ino	MightyCore:avr:324:pinout=standard,variant=modelP,BOD=2v7,LTO=Os_flto,clock=20MHz_external	1.6.11			0	false	0	0		0	
2021-03-31 07:21:50	193	193.16	https://travis-ci.org/MCUdude/MightyCore/jobs/765252338	push		false	master	88613af09b616691d2e399edea6582406584af78	80f452f36f67...88613af09b61	Use ifdef to remove functions that aren't compatible with MCUs with 64kiB flash or less	/home/travis/Arduino/hardware/MightyCore/avr/libraries/Wire/examples/i2c_scanner/i2c_scanner.ino	MightyCore:avr:324:pinout=standard,variant=modelP,BOD=2v7,LTO=Os_flto,clock=20MHz_external	1.6.11			0	false	0	0		0	
2021-03-31 07:21:54	193	193.16	https://travis-ci.org/MCUdude/MightyCore/jobs/765252338	push		false	master	88613af09b616691d2e399edea6582406584af78	80f452f36f67...88613af09b61	Use ifdef to remove functions that aren't compatible with MCUs with 64kiB flash or less	/home/travis/Arduino/hardware/MightyCore/avr/libraries/Wire/examples/SFRRanger_reader/SFRRanger_reader.ino	MightyCore:avr:324:pinout=standard,variant=modelP,BOD=2v7,LTO=Os_flto,clock=20MHz_external	1.6.11			0	false	0	0		0	
2021-03-31 07:21:58	193	193.16	https://travis-ci.org/MCUdude/MightyCore/jobs/765252338	push		false	master	88613af09b616691d2e399edea6582406584af78	80f452f36f67...88613af09b61	Use ifdef to remove functions that aren't compatible with MCUs with 64kiB flash or less	/home/travis/Arduino/hardware/MightyCore/avr/libraries/Wire/examples/master_writer/master_writer.ino	MightyCore:avr:324:pinout=standard,variant=modelP,BOD=2v7,LTO=Os_flto,clock=20MHz_external	1.6.11			0	false	0	0		0	
2021-03-31 07:22:03	193	193.16	https://travis-ci.org/MCUdude/MightyCore/jobs/765252338	push		false	master	88613af09b616691d2e399edea6582406584af78	80f452f36f67...88613af09b61	Use ifdef to remove functions that aren't compatible with MCUs with 64kiB flash or less	/home/travis/Arduino/hardware/MightyCore/avr/libraries/Wire/examples/digital_potentiometer/digital_potentiometer.ino	MightyCore:avr:324:pinout=standard,variant=modelP,BOD=2v7,LTO=Os_flto,clock=20MHz_external	1.6.11			0	false	0	0		0	
2021-03-31 07:22:07	193	193.16	https://travis-ci.org/MCUdude/MightyCore/jobs/765252338	push		false	master	88613af09b616691d2e399edea6582406584af78	80f452f36f67...88613af09b61	Use ifdef to remove functions that aren't compatible with MCUs with 64kiB flash or less	/home/travis/Arduino/hardware/MightyCore/avr/libraries/Wire/examples/slave_receiver/slave_receiver.ino	MightyCore:avr:324:pinout=standard,variant=modelP,BOD=2v7,LTO=Os_flto,clock=20MHz_external	1.6.11			0	false	0	0		0	
2021-03-31 07:22:12	193	193.16	https://travis-ci.org/MCUdude/MightyCore/jobs/765252338	push		false	master	88613af09b616691d2e399edea6582406584af78	80f452f36f67...88613af09b61	Use ifdef to remove functions that aren't compatible with MCUs with 64kiB flash or less	/home/travis/Arduino/hardware/MightyCore/avr/libraries/Wire/examples/master_reader/master_reader.ino	MightyCore:avr:324:pinout=standard,variant=modelP,BOD=2v7,LTO=Os_flto,clock=20MHz_external	1.6.11			0	false	0	0		0	
2021-03-31 07:22:16	193	193.16	https://travis-ci.org/MCUdude/MightyCore/jobs/765252338	push		false	master	88613af09b616691d2e399edea6582406584af78	80f452f36f67...88613af09b61	Use ifdef to remove functions that aren't compatible with MCUs with 64kiB flash or less	/home/travis/Arduino/hardware/MightyCore/avr/libraries/Wire/examples/slave_sender/slave_sender.ino	MightyCore:avr:324:pinout=standard,variant=modelP,BOD=2v7,LTO=Os_flto,clock=20MHz_external	1.6.11			0	false	0	0		0	
2021-03-31 07:22:23	193	193.16	https://travis-ci.org/MCUdude/MightyCore/jobs/765252338	push		false	master	88613af09b616691d2e399edea6582406584af78	80f452f36f67...88613af09b61	Use ifdef to remove functions that aren't compatible with MCUs with 64kiB flash or less	/home/travis/Arduino/hardware/MightyCore/avr/libraries/AVR_examples/examples/Blink_using_Timer0/Blink_using_Timer0.ino	MightyCore:avr:324:pinout=standard,variant=modelP,BOD=2v7,LTO=Os_flto,clock=20MHz_external	1.6.13			0	false	0	0		0	
2021-03-31 07:22:27	193	193.16	https://travis-ci.org/MCUdude/MightyCore/jobs/765252338	push		false	master	88613af09b616691d2e399edea6582406584af78	80f452f36f67...88613af09b61	Use ifdef to remove functions that aren't compatible with MCUs with 64kiB flash or less	/home/travis/Arduino/hardware/MightyCore/avr/libraries/AVR_examples/examples/Read_port_write_port/Read_port_write_port.ino	MightyCore:avr:324:pinout=standard,variant=modelP,BOD=2v7,LTO=Os_flto,clock=20MHz_external	1.6.13			0	false	0	0		0	
2021-03-31 07:22:31	193	193.16	https://travis-ci.org/MCUdude/MightyCore/jobs/765252338	push		false	master	88613af09b616691d2e399edea6582406584af78	80f452f36f67...88613af09b61	Use ifdef to remove functions that aren't compatible with MCUs with 64kiB flash or less	/home/travis/Arduino/hardware/MightyCore/avr/libraries/AVR_examples/examples/Measure_period_length/Measure_period_length.ino	MightyCore:avr:324:pinout=standard,variant=modelP,BOD=2v7,LTO=Os_flto,clock=20MHz_external	1.6.13			0	false	0	0		0	
2021-03-31 07:22:36	193	193.16	https://travis-ci.org/MCUdude/MightyCore/jobs/765252338	push		false	master	88613af09b616691d2e399edea6582406584af78	80f452f36f67...88613af09b61	Use ifdef to remove functions that aren't compatible with MCUs with 64kiB flash or less	/home/travis/Arduino/hardware/MightyCore/avr/libraries/AVR_examples/examples/Watch_dog_timer/Watch_dog_timer.ino	MightyCore:avr:324:pinout=standard,variant=modelP,BOD=2v7,LTO=Os_flto,clock=20MHz_external	1.6.13			0	false	0	0		0	
2021-03-31 07:22:40	193	193.16	https://travis-ci.org/MCUdude/MightyCore/jobs/765252338	push		false	master	88613af09b616691d2e399edea6582406584af78	80f452f36f67...88613af09b61	Use ifdef to remove functions that aren't compatible with MCUs with 64kiB flash or less	/home/travis/Arduino/hardware/MightyCore/avr/libraries/AVR_examples/examples/Blink/Blink.ino	MightyCore:avr:324:pinout=standard,variant=modelP,BOD=2v7,LTO=Os_flto,clock=20MHz_external	1.6.13			0	false	0	0		0	
2021-03-31 07:22:45	193	193.16	https://travis-ci.org/MCUdude/MightyCore/jobs/765252338	push		false	master	88613af09b616691d2e399edea6582406584af78	80f452f36f67...88613af09b61	Use ifdef to remove functions that aren't compatible with MCUs with 64kiB flash or less	/home/travis/Arduino/hardware/MightyCore/avr/libraries/SD/examples/Datalogger/Datalogger.ino	MightyCore:avr:324:pinout=standard,variant=modelP,BOD=2v7,LTO=Os_flto,clock=20MHz_external	1.6.13			0	false	0	0		0	
2021-03-31 07:22:50	193	193.16	https://travis-ci.org/MCUdude/MightyCore/jobs/765252338	push		false	master	88613af09b616691d2e399edea6582406584af78	80f452f36f67...88613af09b61	Use ifdef to remove functions that aren't compatible with MCUs with 64kiB flash or less	/home/travis/Arduino/hardware/MightyCore/avr/libraries/SD/examples/CardInfo/CardInfo.ino	MightyCore:avr:324:pinout=standard,variant=modelP,BOD=2v7,LTO=Os_flto,clock=20MHz_external	1.6.13			0	false	0	0		0	
2021-03-31 07:22:55	193	193.16	https://travis-ci.org/MCUdude/MightyCore/jobs/765252338	push		false	master	88613af09b616691d2e399edea6582406584af78	80f452f36f67...88613af09b61	Use ifdef to remove functions that aren't compatible with MCUs with 64kiB flash or less	/home/travis/Arduino/hardware/MightyCore/avr/libraries/SD/examples/ReadWrite/ReadWrite.ino	MightyCore:avr:324:pinout=standard,variant=modelP,BOD=2v7,LTO=Os_flto,clock=20MHz_external	1.6.13			0	false	0	0		0	
2021-03-31 07:23:00	193	193.16	https://travis-ci.org/MCUdude/MightyCore/jobs/765252338	push		false	master	88613af09b616691d2e399edea6582406584af78	80f452f36f67...88613af09b61	Use ifdef to remove functions that aren't compatible with MCUs with 64kiB flash or less	/home/travis/Arduino/hardware/MightyCore/avr/libraries/SD/examples/listfiles/listfiles.ino	MightyCore:avr:324:pinout=standard,variant=modelP,BOD=2v7,LTO=Os_flto,clock=20MHz_external	1.6.13			0	false	0	0		0	
2021-03-31 07:23:05	193	193.16	https://travis-ci.org/MCUdude/MightyCore/jobs/765252338	push		false	master	88613af09b616691d2e399edea6582406584af78	80f452f36f67...88613af09b61	Use ifdef to remove functions that aren't compatible with MCUs with 64kiB flash or less	/home/travis/Arduino/hardware/MightyCore/avr/libraries/SD/examples/DumpFile/DumpFile.ino	MightyCore:avr:324:pinout=standard,variant=modelP,BOD=2v7,LTO=Os_flto,clock=20MHz_external	1.6.13			0	false	0	0		0	
2021-03-31 07:23:10	193	193.16	https://travis-ci.org/MCUdude/MightyCore/jobs/765252338	push		false	master	88613af09b616691d2e399edea6582406584af78	80f452f36f67...88613af09b61	Use ifdef to remove functions that aren't compatible with MCUs with 64kiB flash or less	/home/travis/Arduino/hardware/MightyCore/avr/libraries/SD/examples/Files/Files.ino	MightyCore:avr:324:pinout=standard,variant=modelP,BOD=2v7,LTO=Os_flto,clock=20MHz_external	1.6.13			0	false	0	0		0	
2021-03-31 07:23:15	193	193.16	https://travis-ci.org/MCUdude/MightyCore/jobs/765252338	push		false	master	88613af09b616691d2e399edea6582406584af78	80f452f36f67...88613af09b61	Use ifdef to remove functions that aren't compatible with MCUs with 64kiB flash or less	/home/travis/Arduino/hardware/MightyCore/avr/libraries/SoftwareSerial/examples/SoftwareSerialExample/SoftwareSerialExample.ino	MightyCore:avr:324:pinout=standard,variant=modelP,BOD=2v7,LTO=Os_flto,clock=20MHz_external	1.6.13			0	false	0	0		0	
2021-03-31 07:23:19	193	193.16	https://travis-ci.org/MCUdude/MightyCore/jobs/765252338	push		false	master	88613af09b616691d2e399edea6582406584af78	80f452f36f67...88613af09b61	Use ifdef to remove functions that aren't compatible with MCUs with 64kiB flash or less	/home/travis/Arduino/hardware/MightyCore/avr/libraries/SoftwareSerial/examples/TwoPortReceive/TwoPortReceive.ino	MightyCore:avr:324:pinout=standard,variant=modelP,BOD=2v7,LTO=Os_flto,clock=20MHz_external	1.6.13			0	false	0	0		0	
2021-03-31 07:23:24	193	193.16	https://travis-ci.org/MCUdude/MightyCore/jobs/765252338	push		false	master	88613af09b616691d2e399edea6582406584af78	80f452f36f67...88613af09b61	Use ifdef to remove functions that aren't compatible with MCUs with 64kiB flash or less	/home/travis/Arduino/hardware/MightyCore/avr/libraries/Servo/examples/Knob/Knob.ino	MightyCore:avr:324:pinout=standard,variant=modelP,BOD=2v7,LTO=Os_flto,clock=20MHz_external	1.6.13			0	false	0	0		0	
2021-03-31 07:23:28	193	193.16	https://travis-ci.org/MCUdude/MightyCore/jobs/765252338	push		false	master	88613af09b616691d2e399edea6582406584af78	80f452f36f67...88613af09b61	Use ifdef to remove functions that aren't compatible with MCUs with 64kiB flash or less	/home/travis/Arduino/hardware/MightyCore/avr/libraries/Servo/examples/Sweep/Sweep.ino	MightyCore:avr:324:pinout=standard,variant=modelP,BOD=2v7,LTO=Os_flto,clock=20MHz_external	1.6.13			0	false	0	0		0	
2021-03-31 07:23:32	193	193.16	https://travis-ci.org/MCUdude/MightyCore/jobs/765252338	push		false	master	88613af09b616691d2e399edea6582406584af78	80f452f36f67...88613af09b61	Use ifdef to remove functions that aren't compatible with MCUs with 64kiB flash or less	/home/travis/Arduino/hardware/MightyCore/avr/libraries/EEPROM/examples/eeprom_get/eeprom_get.ino	MightyCore:avr:324:pinout=standard,variant=modelP,BOD=2v7,LTO=Os_flto,clock=20MHz_external	1.6.13			0	false	0	0		0	
2021-03-31 07:23:37	193	193.16	https://travis-ci.org/MCUdude/MightyCore/jobs/765252338	push		false	master	88613af09b616691d2e399edea6582406584af78	80f452f36f67...88613af09b61	Use ifdef to remove functions that aren't compatible with MCUs with 64kiB flash or less	/home/travis/Arduino/hardware/MightyCore/avr/libraries/EEPROM/examples/eeprom_crc/eeprom_crc.ino	MightyCore:avr:324:pinout=standard,variant=modelP,BOD=2v7,LTO=Os_flto,clock=20MHz_external	1.6.13			0	false	0	0		0	
2021-03-31 07:23:41	193	193.16	https://travis-ci.org/MCUdude/MightyCore/jobs/765252338	push		false	master	88613af09b616691d2e399edea6582406584af78	80f452f36f67...88613af09b61	Use ifdef to remove functions that aren't compatible with MCUs with 64kiB flash or less	/home/travis/Arduino/hardware/MightyCore/avr/libraries/EEPROM/examples/eeprom_read/eeprom_read.ino	MightyCore:avr:324:pinout=standard,variant=modelP,BOD=2v7,LTO=Os_flto,clock=20MHz_external	1.6.13			0	false	0	0		0	
2021-03-31 07:23:45	193	193.16	https://travis-ci.org/MCUdude/MightyCore/jobs/765252338	push		false	master	88613af09b616691d2e399edea6582406584af78	80f452f36f67...88613af09b61	Use ifdef to remove functions that aren't compatible with MCUs with 64kiB flash or less	/home/travis/Arduino/hardware/MightyCore/avr/libraries/EEPROM/examples/eeprom_clear/eeprom_clear.ino	MightyCore:avr:324:pinout=standard,variant=modelP,BOD=2v7,LTO=Os_flto,clock=20MHz_external	1.6.13			0	false	0	0		0	
2021-03-31 07:23:49	193	193.16	https://travis-ci.org/MCUdude/MightyCore/jobs/765252338	push		false	master	88613af09b616691d2e399edea6582406584af78	80f452f36f67...88613af09b61	Use ifdef to remove functions that aren't compatible with MCUs with 64kiB flash or less	/home/travis/Arduino/hardware/MightyCore/avr/libraries/EEPROM/examples/eeprom_write/eeprom_write.ino	MightyCore:avr:324:pinout=standard,variant=modelP,BOD=2v7,LTO=Os_flto,clock=20MHz_external	1.6.13			0	false	0	0		0	
2021-03-31 07:23:54	193	193.16	https://travis-ci.org/MCUdude/MightyCore/jobs/765252338	push		false	master	88613af09b616691d2e399edea6582406584af78	80f452f36f67...88613af09b61	Use ifdef to remove functions that aren't compatible with MCUs with 64kiB flash or less	/home/travis/Arduino/hardware/MightyCore/avr/libraries/EEPROM/examples/eeprom_iteration/eeprom_iteration.ino	MightyCore:avr:324:pinout=standard,variant=modelP,BOD=2v7,LTO=Os_flto,clock=20MHz_external	1.6.13			0	false	0	0		0	
2021-03-31 07:23:58	193	193.16	https://travis-ci.org/MCUdude/MightyCore/jobs/765252338	push		false	master	88613af09b616691d2e399edea6582406584af78	80f452f36f67...88613af09b61	Use ifdef to remove functions that aren't compatible with MCUs with 64kiB flash or less	/home/travis/Arduino/hardware/MightyCore/avr/libraries/EEPROM/examples/eeprom_update/eeprom_update.ino	MightyCore:avr:324:pinout=standard,variant=modelP,BOD=2v7,LTO=Os_flto,clock=20MHz_external	1.6.13			0	false	0	0		0	
2021-03-31 07:24:03	193	193.16	https://travis-ci.org/MCUdude/MightyCore/jobs/765252338	push		false	master	88613af09b616691d2e399edea6582406584af78	80f452f36f67...88613af09b61	Use ifdef to remove functions that aren't compatible with MCUs with 64kiB flash or less	/home/travis/Arduino/hardware/MightyCore/avr/libraries/EEPROM/examples/eeprom_put/eeprom_put.ino	MightyCore:avr:324:pinout=standard,variant=modelP,BOD=2v7,LTO=Os_flto,clock=20MHz_external	1.6.13			0	false	0	0		0	
2021-03-31 07:24:06	193	193.16	https://travis-ci.org/MCUdude/MightyCore/jobs/765252338	push		false	master	88613af09b616691d2e399edea6582406584af78	80f452f36f67...88613af09b61	Use ifdef to remove functions that aren't compatible with MCUs with 64kiB flash or less	/home/travis/Arduino/hardware/MightyCore/avr/libraries/Optiboot_flasher/examples/SerialReadWrite/SerialReadWrite.ino	MightyCore:avr:324:pinout=standard,variant=modelP,BOD=2v7,LTO=Os_flto,clock=20MHz_external	1.6.13				false	1				
2021-03-31 07:24:11	193	193.16	https://travis-ci.org/MCUdude/MightyCore/jobs/765252338	push		false	master	88613af09b616691d2e399edea6582406584af78	80f452f36f67...88613af09b61	Use ifdef to remove functions that aren't compatible with MCUs with 64kiB flash or less	/home/travis/Arduino/hardware/MightyCore/avr/libraries/Timer/examples/Events/Events.ino	MightyCore:avr:324:pinout=standard,variant=modelP,BOD=2v7,LTO=Os_flto,clock=20MHz_external	1.6.13			0	false	0	0		0	
2021-03-31 07:24:15	193	193.16	https://travis-ci.org/MCUdude/MightyCore/jobs/765252338	push		false	master	88613af09b616691d2e399edea6582406584af78	80f452f36f67...88613af09b61	Use ifdef to remove functions that aren't compatible with MCUs with 64kiB flash or less	/home/travis/Arduino/hardware/MightyCore/avr/libraries/Timer/examples/Pin_high_10_minutes/Pin_high_10_minutes.ino	MightyCore:avr:324:pinout=standard,variant=modelP,BOD=2v7,LTO=Os_flto,clock=20MHz_external	1.6.13			0	false	0	0		0	
2021-03-31 07:24:20	193	193.16	https://travis-ci.org/MCUdude/MightyCore/jobs/765252338	push		false	master	88613af09b616691d2e399edea6582406584af78	80f452f36f67...88613af09b61	Use ifdef to remove functions that aren't compatible with MCUs with 64kiB flash or less	/home/travis/Arduino/hardware/MightyCore/avr/libraries/Timer/examples/Multitasking/Multitasking.ino	MightyCore:avr:324:pinout=standard,variant=modelP,BOD=2v7,LTO=Os_flto,clock=20MHz_external	1.6.13			0	false	0	0		0	
2021-03-31 07:24:24	193	193.16	https://travis-ci.org/MCUdude/MightyCore/jobs/765252338	push		false	master	88613af09b616691d2e399edea6582406584af78	80f452f36f67...88613af09b61	Use ifdef to remove functions that aren't compatible with MCUs with 64kiB flash or less	/home/travis/Arduino/hardware/MightyCore/avr/libraries/Timer/examples/TimerTest/TimerTest.ino	MightyCore:avr:324:pinout=standard,variant=modelP,BOD=2v7,LTO=Os_flto,clock=20MHz_external	1.6.13			0	false	0	0		0	
2021-03-31 07:24:28	193	193.16	https://travis-ci.org/MCUdude/MightyCore/jobs/765252338	push		false	master	88613af09b616691d2e399edea6582406584af78	80f452f36f67...88613af09b61	Use ifdef to remove functions that aren't compatible with MCUs with 64kiB flash or less	/home/travis/Arduino/hardware/MightyCore/avr/libraries/SPI/examples/BarometricPressureSensor/BarometricPressureSensor.ino	MightyCore:avr:324:pinout=standard,variant=modelP,BOD=2v7,LTO=Os_flto,clock=20MHz_external	1.6.13			1	false	0	0		0	
2021-03-31 07:24:33	193	193.16	https://travis-ci.org/MCUdude/MightyCore/jobs/765252338	push		false	master	88613af09b616691d2e399edea6582406584af78	80f452f36f67...88613af09b61	Use ifdef to remove functions that aren't compatible with MCUs with 64kiB flash or less	/home/travis/Arduino/hardware/MightyCore/avr/libraries/SPI/examples/DigitalPotControl/DigitalPotControl.ino	MightyCore:avr:324:pinout=standard,variant=modelP,BOD=2v7,LTO=Os_flto,clock=20MHz_external	1.6.13			0	false	0	0		0	
2021-03-31 07:24:37	193	193.16	https://travis-ci.org/MCUdude/MightyCore/jobs/765252338	push		false	master	88613af09b616691d2e399edea6582406584af78	80f452f36f67...88613af09b61	Use ifdef to remove functions that aren't compatible with MCUs with 64kiB flash or less	/home/travis/Arduino/hardware/MightyCore/avr/libraries/Wire/examples/i2c_scanner/i2c_scanner.ino	MightyCore:avr:324:pinout=standard,variant=modelP,BOD=2v7,LTO=Os_flto,clock=20MHz_external	1.6.13			0	false	0	0		0	
2021-03-31 07:24:42	193	193.16	https://travis-ci.org/MCUdude/MightyCore/jobs/765252338	push		false	master	88613af09b616691d2e399edea6582406584af78	80f452f36f67...88613af09b61	Use ifdef to remove functions that aren't compatible with MCUs with 64kiB flash or less	/home/travis/Arduino/hardware/MightyCore/avr/libraries/Wire/examples/SFRRanger_reader/SFRRanger_reader.ino	MightyCore:avr:324:pinout=standard,variant=modelP,BOD=2v7,LTO=Os_flto,clock=20MHz_external	1.6.13			0	false	0	0		0	
2021-03-31 07:24:46	193	193.16	https://travis-ci.org/MCUdude/MightyCore/jobs/765252338	push		false	master	88613af09b616691d2e399edea6582406584af78	80f452f36f67...88613af09b61	Use ifdef to remove functions that aren't compatible with MCUs with 64kiB flash or less	/home/travis/Arduino/hardware/MightyCore/avr/libraries/Wire/examples/master_writer/master_writer.ino	MightyCore:avr:324:pinout=standard,variant=modelP,BOD=2v7,LTO=Os_flto,clock=20MHz_external	1.6.13			0	false	0	0		0	
2021-03-31 07:24:51	193	193.16	https://travis-ci.org/MCUdude/MightyCore/jobs/765252338	push		false	master	88613af09b616691d2e399edea6582406584af78	80f452f36f67...88613af09b61	Use ifdef to remove functions that aren't compatible with MCUs with 64kiB flash or less	/home/travis/Arduino/hardware/MightyCore/avr/libraries/Wire/examples/digital_potentiometer/digital_potentiometer.ino	MightyCore:avr:324:pinout=standard,variant=modelP,BOD=2v7,LTO=Os_flto,clock=20MHz_external	1.6.13			0	false	0	0		0	
2021-03-31 07:24:55	193	193.16	https://travis-ci.org/MCUdude/MightyCore/jobs/765252338	push		false	master	88613af09b616691d2e399edea6582406584af78	80f452f36f67...88613af09b61	Use ifdef to remove functions that aren't compatible with MCUs with 64kiB flash or less	/home/travis/Arduino/hardware/MightyCore/avr/libraries/Wire/examples/slave_receiver/slave_receiver.ino	MightyCore:avr:324:pinout=standard,variant=modelP,BOD=2v7,LTO=Os_flto,clock=20MHz_external	1.6.13			0	false	0	0		0	
2021-03-31 07:25:00	193	193.16	https://travis-ci.org/MCUdude/MightyCore/jobs/765252338	push		false	master	88613af09b616691d2e399edea6582406584af78	80f452f36f67...88613af09b61	Use ifdef to remove functions that aren't compatible with MCUs with 64kiB flash or less	/home/travis/Arduino/hardware/MightyCore/avr/libraries/Wire/examples/master_reader/master_reader.ino	MightyCore:avr:324:pinout=standard,variant=modelP,BOD=2v7,LTO=Os_flto,clock=20MHz_external	1.6.13			0	false	0	0		0	
2021-03-31 07:25:04	193	193.16	https://travis-ci.org/MCUdude/MightyCore/jobs/765252338	push		false	master	88613af09b616691d2e399edea6582406584af78	80f452f36f67...88613af09b61	Use ifdef to remove functions that aren't compatible with MCUs with 64kiB flash or less	/home/travis/Arduino/hardware/MightyCore/avr/libraries/Wire/examples/slave_sender/slave_sender.ino	MightyCore:avr:324:pinout=standard,variant=modelP,BOD=2v7,LTO=Os_flto,clock=20MHz_external	1.6.13			0	false	0	0		0	
2021-03-31 07:25:08	193	193.16	https://travis-ci.org/MCUdude/MightyCore/jobs/765252338	push		false	master	88613af09b616691d2e399edea6582406584af78	80f452f36f67...88613af09b61	Use ifdef to remove functions that aren't compatible with MCUs with 64kiB flash or less	/home/travis/Arduino/hardware/MightyCore/avr/libraries/AVR_examples/examples/Blink_using_Timer0/Blink_using_Timer0.ino	MightyCore:avr:324:pinout=standard,variant=modelP,BOD=2v7,LTO=Os_flto,clock=20MHz_external	1.8.0			0	false	0	0		0	
2021-03-31 07:25:11	193	193.16	https://travis-ci.org/MCUdude/MightyCore/jobs/765252338	push		false	master	88613af09b616691d2e399edea6582406584af78	80f452f36f67...88613af09b61	Use ifdef to remove functions that aren't compatible with MCUs with 64kiB flash or less	/home/travis/Arduino/hardware/MightyCore/avr/libraries/AVR_examples/examples/Read_port_write_port/Read_port_write_port.ino	MightyCore:avr:324:pinout=standard,variant=modelP,BOD=2v7,LTO=Os_flto,clock=20MHz_external	1.8.0			0	false	0	0		0	
2021-03-31 07:25:14	193	193.16	https://travis-ci.org/MCUdude/MightyCore/jobs/765252338	push		false	master	88613af09b616691d2e399edea6582406584af78	80f452f36f67...88613af09b61	Use ifdef to remove functions that aren't compatible with MCUs with 64kiB flash or less	/home/travis/Arduino/hardware/MightyCore/avr/libraries/AVR_examples/examples/Measure_period_length/Measure_period_length.ino	MightyCore:avr:324:pinout=standard,variant=modelP,BOD=2v7,LTO=Os_flto,clock=20MHz_external	1.8.0			0	false	0	0		0	
2021-03-31 07:25:16	193	193.16	https://travis-ci.org/MCUdude/MightyCore/jobs/765252338	push		false	master	88613af09b616691d2e399edea6582406584af78	80f452f36f67...88613af09b61	Use ifdef to remove functions that aren't compatible with MCUs with 64kiB flash or less	/home/travis/Arduino/hardware/MightyCore/avr/libraries/AVR_examples/examples/Watch_dog_timer/Watch_dog_timer.ino	MightyCore:avr:324:pinout=standard,variant=modelP,BOD=2v7,LTO=Os_flto,clock=20MHz_external	1.8.0			0	false	0	0		0	
2021-03-31 07:25:19	193	193.16	https://travis-ci.org/MCUdude/MightyCore/jobs/765252338	push		false	master	88613af09b616691d2e399edea6582406584af78	80f452f36f67...88613af09b61	Use ifdef to remove functions that aren't compatible with MCUs with 64kiB flash or less	/home/travis/Arduino/hardware/MightyCore/avr/libraries/AVR_examples/examples/Blink/Blink.ino	MightyCore:avr:324:pinout=standard,variant=modelP,BOD=2v7,LTO=Os_flto,clock=20MHz_external	1.8.0			0	false	0	0		0	
2021-03-31 07:25:22	193	193.16	https://travis-ci.org/MCUdude/MightyCore/jobs/765252338	push		false	master	88613af09b616691d2e399edea6582406584af78	80f452f36f67...88613af09b61	Use ifdef to remove functions that aren't compatible with MCUs with 64kiB flash or less	/home/travis/Arduino/hardware/MightyCore/avr/libraries/SD/examples/Datalogger/Datalogger.ino	MightyCore:avr:324:pinout=standard,variant=modelP,BOD=2v7,LTO=Os_flto,clock=20MHz_external	1.8.0			0	false	0	0		0	
2021-03-31 07:25:26	193	193.16	https://travis-ci.org/MCUdude/MightyCore/jobs/765252338	push		false	master	88613af09b616691d2e399edea6582406584af78	80f452f36f67...88613af09b61	Use ifdef to remove functions that aren't compatible with MCUs with 64kiB flash or less	/home/travis/Arduino/hardware/MightyCore/avr/libraries/SD/examples/CardInfo/CardInfo.ino	MightyCore:avr:324:pinout=standard,variant=modelP,BOD=2v7,LTO=Os_flto,clock=20MHz_external	1.8.0			0	false	0	0		0	
2021-03-31 07:25:29	193	193.16	https://travis-ci.org/MCUdude/MightyCore/jobs/765252338	push		false	master	88613af09b616691d2e399edea6582406584af78	80f452f36f67...88613af09b61	Use ifdef to remove functions that aren't compatible with MCUs with 64kiB flash or less	/home/travis/Arduino/hardware/MightyCore/avr/libraries/SD/examples/ReadWrite/ReadWrite.ino	MightyCore:avr:324:pinout=standard,variant=modelP,BOD=2v7,LTO=Os_flto,clock=20MHz_external	1.8.0			0	false	0	0		0	
2021-03-31 07:25:33	193	193.16	https://travis-ci.org/MCUdude/MightyCore/jobs/765252338	push		false	master	88613af09b616691d2e399edea6582406584af78	80f452f36f67...88613af09b61	Use ifdef to remove functions that aren't compatible with MCUs with 64kiB flash or less	/home/travis/Arduino/hardware/MightyCore/avr/libraries/SD/examples/listfiles/listfiles.ino	MightyCore:avr:324:pinout=standard,variant=modelP,BOD=2v7,LTO=Os_flto,clock=20MHz_external	1.8.0			0	false	0	0		0	
2021-03-31 07:25:36	193	193.16	https://travis-ci.org/MCUdude/MightyCore/jobs/765252338	push		false	master	88613af09b616691d2e399edea6582406584af78	80f452f36f67...88613af09b61	Use ifdef to remove functions that aren't compatible with MCUs with 64kiB flash or less	/home/travis/Arduino/hardware/MightyCore/avr/libraries/SD/examples/DumpFile/DumpFile.ino	MightyCore:avr:324:pinout=standard,variant=modelP,BOD=2v7,LTO=Os_flto,clock=20MHz_external	1.8.0			0	false	0	0		0	
2021-03-31 07:25:40	193	193.16	https://travis-ci.org/MCUdude/MightyCore/jobs/765252338	push		false	master	88613af09b616691d2e399edea6582406584af78	80f452f36f67...88613af09b61	Use ifdef to remove functions that aren't compatible with MCUs with 64kiB flash or less	/home/travis/Arduino/hardware/MightyCore/avr/libraries/SD/examples/Files/Files.ino	MightyCore:avr:324:pinout=standard,variant=modelP,BOD=2v7,LTO=Os_flto,clock=20MHz_external	1.8.0			0	false	0	0		0	
2021-03-31 07:25:43	193	193.16	https://travis-ci.org/MCUdude/MightyCore/jobs/765252338	push		false	master	88613af09b616691d2e399edea6582406584af78	80f452f36f67...88613af09b61	Use ifdef to remove functions that aren't compatible with MCUs with 64kiB flash or less	/home/travis/Arduino/hardware/MightyCore/avr/libraries/SoftwareSerial/examples/SoftwareSerialExample/SoftwareSerialExample.ino	MightyCore:avr:324:pinout=standard,variant=modelP,BOD=2v7,LTO=Os_flto,clock=20MHz_external	1.8.0			0	false	0	0		0	
2021-03-31 07:25:46	193	193.16	https://travis-ci.org/MCUdude/MightyCore/jobs/765252338	push		false	master	88613af09b616691d2e399edea6582406584af78	80f452f36f67...88613af09b61	Use ifdef to remove functions that aren't compatible with MCUs with 64kiB flash or less	/home/travis/Arduino/hardware/MightyCore/avr/libraries/SoftwareSerial/examples/TwoPortReceive/TwoPortReceive.ino	MightyCore:avr:324:pinout=standard,variant=modelP,BOD=2v7,LTO=Os_flto,clock=20MHz_external	1.8.0			0	false	0	0		0	
2021-03-31 07:25:48	193	193.16	https://travis-ci.org/MCUdude/MightyCore/jobs/765252338	push		false	master	88613af09b616691d2e399edea6582406584af78	80f452f36f67...88613af09b61	Use ifdef to remove functions that aren't compatible with MCUs with 64kiB flash or less	/home/travis/Arduino/hardware/MightyCore/avr/libraries/Servo/examples/Knob/Knob.ino	MightyCore:avr:324:pinout=standard,variant=modelP,BOD=2v7,LTO=Os_flto,clock=20MHz_external	1.8.0			0	false	0	0		0	
2021-03-31 07:25:51	193	193.16	https://travis-ci.org/MCUdude/MightyCore/jobs/765252338	push		false	master	88613af09b616691d2e399edea6582406584af78	80f452f36f67...88613af09b61	Use ifdef to remove functions that aren't compatible with MCUs with 64kiB flash or less	/home/travis/Arduino/hardware/MightyCore/avr/libraries/Servo/examples/Sweep/Sweep.ino	MightyCore:avr:324:pinout=standard,variant=modelP,BOD=2v7,LTO=Os_flto,clock=20MHz_external	1.8.0			0	false	0	0		0	
2021-03-31 07:25:54	193	193.16	https://travis-ci.org/MCUdude/MightyCore/jobs/765252338	push		false	master	88613af09b616691d2e399edea6582406584af78	80f452f36f67...88613af09b61	Use ifdef to remove functions that aren't compatible with MCUs with 64kiB flash or less	/home/travis/Arduino/hardware/MightyCore/avr/libraries/EEPROM/examples/eeprom_get/eeprom_get.ino	MightyCore:avr:324:pinout=standard,variant=modelP,BOD=2v7,LTO=Os_flto,clock=20MHz_external	1.8.0			0	false	0	0		0	
2021-03-31 07:25:56	193	193.16	https://travis-ci.org/MCUdude/MightyCore/jobs/765252338	push		false	master	88613af09b616691d2e399edea6582406584af78	80f452f36f67...88613af09b61	Use ifdef to remove functions that aren't compatible with MCUs with 64kiB flash or less	/home/travis/Arduino/hardware/MightyCore/avr/libraries/EEPROM/examples/eeprom_crc/eeprom_crc.ino	MightyCore:avr:324:pinout=standard,variant=modelP,BOD=2v7,LTO=Os_flto,clock=20MHz_external	1.8.0			0	false	0	0		0	
2021-03-31 07:25:59	193	193.16	https://travis-ci.org/MCUdude/MightyCore/jobs/765252338	push		false	master	88613af09b616691d2e399edea6582406584af78	80f452f36f67...88613af09b61	Use ifdef to remove functions that aren't compatible with MCUs with 64kiB flash or less	/home/travis/Arduino/hardware/MightyCore/avr/libraries/EEPROM/examples/eeprom_read/eeprom_read.ino	MightyCore:avr:324:pinout=standard,variant=modelP,BOD=2v7,LTO=Os_flto,clock=20MHz_external	1.8.0			0	false	0	0		0	
2021-03-31 07:26:02	193	193.16	https://travis-ci.org/MCUdude/MightyCore/jobs/765252338	push		false	master	88613af09b616691d2e399edea6582406584af78	80f452f36f67...88613af09b61	Use ifdef to remove functions that aren't compatible with MCUs with 64kiB flash or less	/home/travis/Arduino/hardware/MightyCore/avr/libraries/EEPROM/examples/eeprom_clear/eeprom_clear.ino	MightyCore:avr:324:pinout=standard,variant=modelP,BOD=2v7,LTO=Os_flto,clock=20MHz_external	1.8.0			0	false	0	0		0	
2021-03-31 07:26:04	193	193.16	https://travis-ci.org/MCUdude/MightyCore/jobs/765252338	push		false	master	88613af09b616691d2e399edea6582406584af78	80f452f36f67...88613af09b61	Use ifdef to remove functions that aren't compatible with MCUs with 64kiB flash or less	/home/travis/Arduino/hardware/MightyCore/avr/libraries/EEPROM/examples/eeprom_write/eeprom_write.ino	MightyCore:avr:324:pinout=standard,variant=modelP,BOD=2v7,LTO=Os_flto,clock=20MHz_external	1.8.0			0	false	0	0		0	
2021-03-31 07:26:07	193	193.16	https://travis-ci.org/MCUdude/MightyCore/jobs/765252338	push		false	master	88613af09b616691d2e399edea6582406584af78	80f452f36f67...88613af09b61	Use ifdef to remove functions that aren't compatible with MCUs with 64kiB flash or less	/home/travis/Arduino/hardware/MightyCore/avr/libraries/EEPROM/examples/eeprom_iteration/eeprom_iteration.ino	MightyCore:avr:324:pinout=standard,variant=modelP,BOD=2v7,LTO=Os_flto,clock=20MHz_external	1.8.0			0	false	0	0		0	
2021-03-31 07:26:10	193	193.16	https://travis-ci.org/MCUdude/MightyCore/jobs/765252338	push		false	master	88613af09b616691d2e399edea6582406584af78	80f452f36f67...88613af09b61	Use ifdef to remove functions that aren't compatible with MCUs with 64kiB flash or less	/home/travis/Arduino/hardware/MightyCore/avr/libraries/EEPROM/examples/eeprom_update/eeprom_update.ino	MightyCore:avr:324:pinout=standard,variant=modelP,BOD=2v7,LTO=Os_flto,clock=20MHz_external	1.8.0			0	false	0	0		0	
2021-03-31 07:26:12	193	193.16	https://travis-ci.org/MCUdude/MightyCore/jobs/765252338	push		false	master	88613af09b616691d2e399edea6582406584af78	80f452f36f67...88613af09b61	Use ifdef to remove functions that aren't compatible with MCUs with 64kiB flash or less	/home/travis/Arduino/hardware/MightyCore/avr/libraries/EEPROM/examples/eeprom_put/eeprom_put.ino	MightyCore:avr:324:pinout=standard,variant=modelP,BOD=2v7,LTO=Os_flto,clock=20MHz_external	1.8.0			0	false	0	0		0	
2021-03-31 07:26:14	193	193.16	https://travis-ci.org/MCUdude/MightyCore/jobs/765252338	push		false	master	88613af09b616691d2e399edea6582406584af78	80f452f36f67...88613af09b61	Use ifdef to remove functions that aren't compatible with MCUs with 64kiB flash or less	/home/travis/Arduino/hardware/MightyCore/avr/libraries/Optiboot_flasher/examples/SerialReadWrite/SerialReadWrite.ino	MightyCore:avr:324:pinout=standard,variant=modelP,BOD=2v7,LTO=Os_flto,clock=20MHz_external	1.8.0				false	1				
2021-03-31 07:26:17	193	193.16	https://travis-ci.org/MCUdude/MightyCore/jobs/765252338	push		false	master	88613af09b616691d2e399edea6582406584af78	80f452f36f67...88613af09b61	Use ifdef to remove functions that aren't compatible with MCUs with 64kiB flash or less	/home/travis/Arduino/hardware/MightyCore/avr/libraries/Timer/examples/Events/Events.ino	MightyCore:avr:324:pinout=standard,variant=modelP,BOD=2v7,LTO=Os_flto,clock=20MHz_external	1.8.0			0	false	0	0		0	
2021-03-31 07:26:20	193	193.16	https://travis-ci.org/MCUdude/MightyCore/jobs/765252338	push		false	master	88613af09b616691d2e399edea6582406584af78	80f452f36f67...88613af09b61	Use ifdef to remove functions that aren't compatible with MCUs with 64kiB flash or less	/home/travis/Arduino/hardware/MightyCore/avr/libraries/Timer/examples/Pin_high_10_minutes/Pin_high_10_minutes.ino	MightyCore:avr:324:pinout=standard,variant=modelP,BOD=2v7,LTO=Os_flto,clock=20MHz_external	1.8.0			0	false	0	0		0	
2021-03-31 07:26:23	193	193.16	https://travis-ci.org/MCUdude/MightyCore/jobs/765252338	push		false	master	88613af09b616691d2e399edea6582406584af78	80f452f36f67...88613af09b61	Use ifdef to remove functions that aren't compatible with MCUs with 64kiB flash or less	/home/travis/Arduino/hardware/MightyCore/avr/libraries/Timer/examples/Multitasking/Multitasking.ino	MightyCore:avr:324:pinout=standard,variant=modelP,BOD=2v7,LTO=Os_flto,clock=20MHz_external	1.8.0			0	false	0	0		0	
2021-03-31 07:26:26	193	193.16	https://travis-ci.org/MCUdude/MightyCore/jobs/765252338	push		false	master	88613af09b616691d2e399edea6582406584af78	80f452f36f67...88613af09b61	Use ifdef to remove functions that aren't compatible with MCUs with 64kiB flash or less	/home/travis/Arduino/hardware/MightyCore/avr/libraries/Timer/examples/TimerTest/TimerTest.ino	MightyCore:avr:324:pinout=standard,variant=modelP,BOD=2v7,LTO=Os_flto,clock=20MHz_external	1.8.0			0	false	0	0		0	
2021-03-31 07:26:29	193	193.16	https://travis-ci.org/MCUdude/MightyCore/jobs/765252338	push		false	master	88613af09b616691d2e399edea6582406584af78	80f452f36f67...88613af09b61	Use ifdef to remove functions that aren't compatible with MCUs with 64kiB flash or less	/home/travis/Arduino/hardware/MightyCore/avr/libraries/SPI/examples/BarometricPressureSensor/BarometricPressureSensor.ino	MightyCore:avr:324:pinout=standard,variant=modelP,BOD=2v7,LTO=Os_flto,clock=20MHz_external	1.8.0			1	false	0	0		0	
2021-03-31 07:26:31	193	193.16	https://travis-ci.org/MCUdude/MightyCore/jobs/765252338	push		false	master	88613af09b616691d2e399edea6582406584af78	80f452f36f67...88613af09b61	Use ifdef to remove functions that aren't compatible with MCUs with 64kiB flash or less	/home/travis/Arduino/hardware/MightyCore/avr/libraries/SPI/examples/DigitalPotControl/DigitalPotControl.ino	MightyCore:avr:324:pinout=standard,variant=modelP,BOD=2v7,LTO=Os_flto,clock=20MHz_external	1.8.0			0	false	0	0		0	
2021-03-31 07:26:34	193	193.16	https://travis-ci.org/MCUdude/MightyCore/jobs/765252338	push		false	master	88613af09b616691d2e399edea6582406584af78	80f452f36f67...88613af09b61	Use ifdef to remove functions that aren't compatible with MCUs with 64kiB flash or less	/home/travis/Arduino/hardware/MightyCore/avr/libraries/Wire/examples/i2c_scanner/i2c_scanner.ino	MightyCore:avr:324:pinout=standard,variant=modelP,BOD=2v7,LTO=Os_flto,clock=20MHz_external	1.8.0			0	false	0	0		0	
2021-03-31 07:26:37	193	193.16	https://travis-ci.org/MCUdude/MightyCore/jobs/765252338	push		false	master	88613af09b616691d2e399edea6582406584af78	80f452f36f67...88613af09b61	Use ifdef to remove functions that aren't compatible with MCUs with 64kiB flash or less	/home/travis/Arduino/hardware/MightyCore/avr/libraries/Wire/examples/SFRRanger_reader/SFRRanger_reader.ino	MightyCore:avr:324:pinout=standard,variant=modelP,BOD=2v7,LTO=Os_flto,clock=20MHz_external	1.8.0			0	false	0	0		0	
2021-03-31 07:26:40	193	193.16	https://travis-ci.org/MCUdude/MightyCore/jobs/765252338	push		false	master	88613af09b616691d2e399edea6582406584af78	80f452f36f67...88613af09b61	Use ifdef to remove functions that aren't compatible with MCUs with 64kiB flash or less	/home/travis/Arduino/hardware/MightyCore/avr/libraries/Wire/examples/master_writer/master_writer.ino	MightyCore:avr:324:pinout=standard,variant=modelP,BOD=2v7,LTO=Os_flto,clock=20MHz_external	1.8.0			0	false	0	0		0	
2021-03-31 07:26:43	193	193.16	https://travis-ci.org/MCUdude/MightyCore/jobs/765252338	push		false	master	88613af09b616691d2e399edea6582406584af78	80f452f36f67...88613af09b61	Use ifdef to remove functions that aren't compatible with MCUs with 64kiB flash or less	/home/travis/Arduino/hardware/MightyCore/avr/libraries/Wire/examples/digital_potentiometer/digital_potentiometer.ino	MightyCore:avr:324:pinout=standard,variant=modelP,BOD=2v7,LTO=Os_flto,clock=20MHz_external	1.8.0			0	false	0	0		0	
2021-03-31 07:26:45	193	193.16	https://travis-ci.org/MCUdude/MightyCore/jobs/765252338	push		false	master	88613af09b616691d2e399edea6582406584af78	80f452f36f67...88613af09b61	Use ifdef to remove functions that aren't compatible with MCUs with 64kiB flash or less	/home/travis/Arduino/hardware/MightyCore/avr/libraries/Wire/examples/slave_receiver/slave_receiver.ino	MightyCore:avr:324:pinout=standard,variant=modelP,BOD=2v7,LTO=Os_flto,clock=20MHz_external	1.8.0			0	false	0	0		0	
2021-03-31 07:26:48	193	193.16	https://travis-ci.org/MCUdude/MightyCore/jobs/765252338	push		false	master	88613af09b616691d2e399edea6582406584af78	80f452f36f67...88613af09b61	Use ifdef to remove functions that aren't compatible with MCUs with 64kiB flash or less	/home/travis/Arduino/hardware/MightyCore/avr/libraries/Wire/examples/master_reader/master_reader.ino	MightyCore:avr:324:pinout=standard,variant=modelP,BOD=2v7,LTO=Os_flto,clock=20MHz_external	1.8.0			0	false	0	0		0	
2021-03-31 07:26:51	193	193.16	https://travis-ci.org/MCUdude/MightyCore/jobs/765252338	push		false	master	88613af09b616691d2e399edea6582406584af78	80f452f36f67...88613af09b61	Use ifdef to remove functions that aren't compatible with MCUs with 64kiB flash or less	/home/travis/Arduino/hardware/MightyCore/avr/libraries/Wire/examples/slave_sender/slave_sender.ino	MightyCore:avr:324:pinout=standard,variant=modelP,BOD=2v7,LTO=Os_flto,clock=20MHz_external	1.8.0			0	false	0	0		0	
2021-03-31 07:26:55	193	193.16	https://travis-ci.org/MCUdude/MightyCore/jobs/765252338	push		false	master	88613af09b616691d2e399edea6582406584af78	80f452f36f67...88613af09b61	Use ifdef to remove functions that aren't compatible with MCUs with 64kiB flash or less	/home/travis/Arduino/hardware/MightyCore/avr/libraries/AVR_examples/examples/Blink_using_Timer0/Blink_using_Timer0.ino	MightyCore:avr:324:pinout=standard,variant=modelP,BOD=2v7,LTO=Os_flto,clock=20MHz_external	1.8.5			0	false	0	0		0	
2021-03-31 07:26:58	193	193.16	https://travis-ci.org/MCUdude/MightyCore/jobs/765252338	push		false	master	88613af09b616691d2e399edea6582406584af78	80f452f36f67...88613af09b61	Use ifdef to remove functions that aren't compatible with MCUs with 64kiB flash or less	/home/travis/Arduino/hardware/MightyCore/avr/libraries/AVR_examples/examples/Read_port_write_port/Read_port_write_port.ino	MightyCore:avr:324:pinout=standard,variant=modelP,BOD=2v7,LTO=Os_flto,clock=20MHz_external	1.8.5			0	false	0	0		0	
2021-03-31 07:27:01	193	193.16	https://travis-ci.org/MCUdude/MightyCore/jobs/765252338	push		false	master	88613af09b616691d2e399edea6582406584af78	80f452f36f67...88613af09b61	Use ifdef to remove functions that aren't compatible with MCUs with 64kiB flash or less	/home/travis/Arduino/hardware/MightyCore/avr/libraries/AVR_examples/examples/Measure_period_length/Measure_period_length.ino	MightyCore:avr:324:pinout=standard,variant=modelP,BOD=2v7,LTO=Os_flto,clock=20MHz_external	1.8.5			0	false	0	0		0	
2021-03-31 07:27:03	193	193.16	https://travis-ci.org/MCUdude/MightyCore/jobs/765252338	push		false	master	88613af09b616691d2e399edea6582406584af78	80f452f36f67...88613af09b61	Use ifdef to remove functions that aren't compatible with MCUs with 64kiB flash or less	/home/travis/Arduino/hardware/MightyCore/avr/libraries/AVR_examples/examples/Watch_dog_timer/Watch_dog_timer.ino	MightyCore:avr:324:pinout=standard,variant=modelP,BOD=2v7,LTO=Os_flto,clock=20MHz_external	1.8.5			0	false	0	0		0	
2021-03-31 07:27:06	193	193.16	https://travis-ci.org/MCUdude/MightyCore/jobs/765252338	push		false	master	88613af09b616691d2e399edea6582406584af78	80f452f36f67...88613af09b61	Use ifdef to remove functions that aren't compatible with MCUs with 64kiB flash or less	/home/travis/Arduino/hardware/MightyCore/avr/libraries/AVR_examples/examples/Blink/Blink.ino	MightyCore:avr:324:pinout=standard,variant=modelP,BOD=2v7,LTO=Os_flto,clock=20MHz_external	1.8.5			0	false	0	0		0	
2021-03-31 07:27:10	193	193.16	https://travis-ci.org/MCUdude/MightyCore/jobs/765252338	push		false	master	88613af09b616691d2e399edea6582406584af78	80f452f36f67...88613af09b61	Use ifdef to remove functions that aren't compatible with MCUs with 64kiB flash or less	/home/travis/Arduino/hardware/MightyCore/avr/libraries/SD/examples/Datalogger/Datalogger.ino	MightyCore:avr:324:pinout=standard,variant=modelP,BOD=2v7,LTO=Os_flto,clock=20MHz_external	1.8.5			0	false	0	0		0	
2021-03-31 07:27:13	193	193.16	https://travis-ci.org/MCUdude/MightyCore/jobs/765252338	push		false	master	88613af09b616691d2e399edea6582406584af78	80f452f36f67...88613af09b61	Use ifdef to remove functions that aren't compatible with MCUs with 64kiB flash or less	/home/travis/Arduino/hardware/MightyCore/avr/libraries/SD/examples/CardInfo/CardInfo.ino	MightyCore:avr:324:pinout=standard,variant=modelP,BOD=2v7,LTO=Os_flto,clock=20MHz_external	1.8.5			0	false	0	0		0	
2021-03-31 07:27:17	193	193.16	https://travis-ci.org/MCUdude/MightyCore/jobs/765252338	push		false	master	88613af09b616691d2e399edea6582406584af78	80f452f36f67...88613af09b61	Use ifdef to remove functions that aren't compatible with MCUs with 64kiB flash or less	/home/travis/Arduino/hardware/MightyCore/avr/libraries/SD/examples/ReadWrite/ReadWrite.ino	MightyCore:avr:324:pinout=standard,variant=modelP,BOD=2v7,LTO=Os_flto,clock=20MHz_external	1.8.5			0	false	0	0		0	
2021-03-31 07:27:20	193	193.16	https://travis-ci.org/MCUdude/MightyCore/jobs/765252338	push		false	master	88613af09b616691d2e399edea6582406584af78	80f452f36f67...88613af09b61	Use ifdef to remove functions that aren't compatible with MCUs with 64kiB flash or less	/home/travis/Arduino/hardware/MightyCore/avr/libraries/SD/examples/listfiles/listfiles.ino	MightyCore:avr:324:pinout=standard,variant=modelP,BOD=2v7,LTO=Os_flto,clock=20MHz_external	1.8.5			0	false	0	0		0	
2021-03-31 07:27:24	193	193.16	https://travis-ci.org/MCUdude/MightyCore/jobs/765252338	push		false	master	88613af09b616691d2e399edea6582406584af78	80f452f36f67...88613af09b61	Use ifdef to remove functions that aren't compatible with MCUs with 64kiB flash or less	/home/travis/Arduino/hardware/MightyCore/avr/libraries/SD/examples/DumpFile/DumpFile.ino	MightyCore:avr:324:pinout=standard,variant=modelP,BOD=2v7,LTO=Os_flto,clock=20MHz_external	1.8.5			0	false	0	0		0	
2021-03-31 07:27:27	193	193.16	https://travis-ci.org/MCUdude/MightyCore/jobs/765252338	push		false	master	88613af09b616691d2e399edea6582406584af78	80f452f36f67...88613af09b61	Use ifdef to remove functions that aren't compatible with MCUs with 64kiB flash or less	/home/travis/Arduino/hardware/MightyCore/avr/libraries/SD/examples/Files/Files.ino	MightyCore:avr:324:pinout=standard,variant=modelP,BOD=2v7,LTO=Os_flto,clock=20MHz_external	1.8.5			0	false	0	0		0	
2021-03-31 07:27:30	193	193.16	https://travis-ci.org/MCUdude/MightyCore/jobs/765252338	push		false	master	88613af09b616691d2e399edea6582406584af78	80f452f36f67...88613af09b61	Use ifdef to remove functions that aren't compatible with MCUs with 64kiB flash or less	/home/travis/Arduino/hardware/MightyCore/avr/libraries/SoftwareSerial/examples/SoftwareSerialExample/SoftwareSerialExample.ino	MightyCore:avr:324:pinout=standard,variant=modelP,BOD=2v7,LTO=Os_flto,clock=20MHz_external	1.8.5			0	false	0	0		0	
2021-03-31 07:27:33	193	193.16	https://travis-ci.org/MCUdude/MightyCore/jobs/765252338	push		false	master	88613af09b616691d2e399edea6582406584af78	80f452f36f67...88613af09b61	Use ifdef to remove functions that aren't compatible with MCUs with 64kiB flash or less	/home/travis/Arduino/hardware/MightyCore/avr/libraries/SoftwareSerial/examples/TwoPortReceive/TwoPortReceive.ino	MightyCore:avr:324:pinout=standard,variant=modelP,BOD=2v7,LTO=Os_flto,clock=20MHz_external	1.8.5			0	false	0	0		0	
2021-03-31 07:27:36	193	193.16	https://travis-ci.org/MCUdude/MightyCore/jobs/765252338	push		false	master	88613af09b616691d2e399edea6582406584af78	80f452f36f67...88613af09b61	Use ifdef to remove functions that aren't compatible with MCUs with 64kiB flash or less	/home/travis/Arduino/hardware/MightyCore/avr/libraries/Servo/examples/Knob/Knob.ino	MightyCore:avr:324:pinout=standard,variant=modelP,BOD=2v7,LTO=Os_flto,clock=20MHz_external	1.8.5			0	false	0	0		0	
2021-03-31 07:27:38	193	193.16	https://travis-ci.org/MCUdude/MightyCore/jobs/765252338	push		false	master	88613af09b616691d2e399edea6582406584af78	80f452f36f67...88613af09b61	Use ifdef to remove functions that aren't compatible with MCUs with 64kiB flash or less	/home/travis/Arduino/hardware/MightyCore/avr/libraries/Servo/examples/Sweep/Sweep.ino	MightyCore:avr:324:pinout=standard,variant=modelP,BOD=2v7,LTO=Os_flto,clock=20MHz_external	1.8.5			0	false	0	0		0	
2021-03-31 07:27:41	193	193.16	https://travis-ci.org/MCUdude/MightyCore/jobs/765252338	push		false	master	88613af09b616691d2e399edea6582406584af78	80f452f36f67...88613af09b61	Use ifdef to remove functions that aren't compatible with MCUs with 64kiB flash or less	/home/travis/Arduino/hardware/MightyCore/avr/libraries/EEPROM/examples/eeprom_get/eeprom_get.ino	MightyCore:avr:324:pinout=standard,variant=modelP,BOD=2v7,LTO=Os_flto,clock=20MHz_external	1.8.5			0	false	0	0		0	
2021-03-31 07:27:44	193	193.16	https://travis-ci.org/MCUdude/MightyCore/jobs/765252338	push		false	master	88613af09b616691d2e399edea6582406584af78	80f452f36f67...88613af09b61	Use ifdef to remove functions that aren't compatible with MCUs with 64kiB flash or less	/home/travis/Arduino/hardware/MightyCore/avr/libraries/EEPROM/examples/eeprom_crc/eeprom_crc.ino	MightyCore:avr:324:pinout=standard,variant=modelP,BOD=2v7,LTO=Os_flto,clock=20MHz_external	1.8.5			0	false	0	0		0	
2021-03-31 07:27:46	193	193.16	https://travis-ci.org/MCUdude/MightyCore/jobs/765252338	push		false	master	88613af09b616691d2e399edea6582406584af78	80f452f36f67...88613af09b61	Use ifdef to remove functions that aren't compatible with MCUs with 64kiB flash or less	/home/travis/Arduino/hardware/MightyCore/avr/libraries/EEPROM/examples/eeprom_read/eeprom_read.ino	MightyCore:avr:324:pinout=standard,variant=modelP,BOD=2v7,LTO=Os_flto,clock=20MHz_external	1.8.5			0	false	0	0		0	
2021-03-31 07:27:49	193	193.16	https://travis-ci.org/MCUdude/MightyCore/jobs/765252338	push		false	master	88613af09b616691d2e399edea6582406584af78	80f452f36f67...88613af09b61	Use ifdef to remove functions that aren't compatible with MCUs with 64kiB flash or less	/home/travis/Arduino/hardware/MightyCore/avr/libraries/EEPROM/examples/eeprom_clear/eeprom_clear.ino	MightyCore:avr:324:pinout=standard,variant=modelP,BOD=2v7,LTO=Os_flto,clock=20MHz_external	1.8.5			0	false	0	0		0	
2021-03-31 07:27:52	193	193.16	https://travis-ci.org/MCUdude/MightyCore/jobs/765252338	push		false	master	88613af09b616691d2e399edea6582406584af78	80f452f36f67...88613af09b61	Use ifdef to remove functions that aren't compatible with MCUs with 64kiB flash or less	/home/travis/Arduino/hardware/MightyCore/avr/libraries/EEPROM/examples/eeprom_write/eeprom_write.ino	MightyCore:avr:324:pinout=standard,variant=modelP,BOD=2v7,LTO=Os_flto,clock=20MHz_external	1.8.5			0	false	0	0		0	
2021-03-31 07:27:54	193	193.16	https://travis-ci.org/MCUdude/MightyCore/jobs/765252338	push		false	master	88613af09b616691d2e399edea6582406584af78	80f452f36f67...88613af09b61	Use ifdef to remove functions that aren't compatible with MCUs with 64kiB flash or less	/home/travis/Arduino/hardware/MightyCore/avr/libraries/EEPROM/examples/eeprom_iteration/eeprom_iteration.ino	MightyCore:avr:324:pinout=standard,variant=modelP,BOD=2v7,LTO=Os_flto,clock=20MHz_external	1.8.5			0	false	0	0		0	
2021-03-31 07:27:57	193	193.16	https://travis-ci.org/MCUdude/MightyCore/jobs/765252338	push		false	master	88613af09b616691d2e399edea6582406584af78	80f452f36f67...88613af09b61	Use ifdef to remove functions that aren't compatible with MCUs with 64kiB flash or less	/home/travis/Arduino/hardware/MightyCore/avr/libraries/EEPROM/examples/eeprom_update/eeprom_update.ino	MightyCore:avr:324:pinout=standard,variant=modelP,BOD=2v7,LTO=Os_flto,clock=20MHz_external	1.8.5			0	false	0	0		0	
2021-03-31 07:28:00	193	193.16	https://travis-ci.org/MCUdude/MightyCore/jobs/765252338	push		false	master	88613af09b616691d2e399edea6582406584af78	80f452f36f67...88613af09b61	Use ifdef to remove functions that aren't compatible with MCUs with 64kiB flash or less	/home/travis/Arduino/hardware/MightyCore/avr/libraries/EEPROM/examples/eeprom_put/eeprom_put.ino	MightyCore:avr:324:pinout=standard,variant=modelP,BOD=2v7,LTO=Os_flto,clock=20MHz_external	1.8.5			0	false	0	0		0	
2021-03-31 07:28:02	193	193.16	https://travis-ci.org/MCUdude/MightyCore/jobs/765252338	push		false	master	88613af09b616691d2e399edea6582406584af78	80f452f36f67...88613af09b61	Use ifdef to remove functions that aren't compatible with MCUs with 64kiB flash or less	/home/travis/Arduino/hardware/MightyCore/avr/libraries/Optiboot_flasher/examples/SerialReadWrite/SerialReadWrite.ino	MightyCore:avr:324:pinout=standard,variant=modelP,BOD=2v7,LTO=Os_flto,clock=20MHz_external	1.8.5				false	1				
2021-03-31 07:28:04	193	193.16	https://travis-ci.org/MCUdude/MightyCore/jobs/765252338	push		false	master	88613af09b616691d2e399edea6582406584af78	80f452f36f67...88613af09b61	Use ifdef to remove functions that aren't compatible with MCUs with 64kiB flash or less	/home/travis/Arduino/hardware/MightyCore/avr/libraries/Timer/examples/Events/Events.ino	MightyCore:avr:324:pinout=standard,variant=modelP,BOD=2v7,LTO=Os_flto,clock=20MHz_external	1.8.5			0	false	0	0		0	
2021-03-31 07:28:07	193	193.16	https://travis-ci.org/MCUdude/MightyCore/jobs/765252338	push		false	master	88613af09b616691d2e399edea6582406584af78	80f452f36f67...88613af09b61	Use ifdef to remove functions that aren't compatible with MCUs with 64kiB flash or less	/home/travis/Arduino/hardware/MightyCore/avr/libraries/Timer/examples/Pin_high_10_minutes/Pin_high_10_minutes.ino	MightyCore:avr:324:pinout=standard,variant=modelP,BOD=2v7,LTO=Os_flto,clock=20MHz_external	1.8.5			0	false	0	0		0	
2021-03-31 07:28:10	193	193.16	https://travis-ci.org/MCUdude/MightyCore/jobs/765252338	push		false	master	88613af09b616691d2e399edea6582406584af78	80f452f36f67...88613af09b61	Use ifdef to remove functions that aren't compatible with MCUs with 64kiB flash or less	/home/travis/Arduino/hardware/MightyCore/avr/libraries/Timer/examples/Multitasking/Multitasking.ino	MightyCore:avr:324:pinout=standard,variant=modelP,BOD=2v7,LTO=Os_flto,clock=20MHz_external	1.8.5			0	false	0	0		0	
2021-03-31 07:28:13	193	193.16	https://travis-ci.org/MCUdude/MightyCore/jobs/765252338	push		false	master	88613af09b616691d2e399edea6582406584af78	80f452f36f67...88613af09b61	Use ifdef to remove functions that aren't compatible with MCUs with 64kiB flash or less	/home/travis/Arduino/hardware/MightyCore/avr/libraries/Timer/examples/TimerTest/TimerTest.ino	MightyCore:avr:324:pinout=standard,variant=modelP,BOD=2v7,LTO=Os_flto,clock=20MHz_external	1.8.5			0	false	0	0		0	
2021-03-31 07:28:16	193	193.16	https://travis-ci.org/MCUdude/MightyCore/jobs/765252338	push		false	master	88613af09b616691d2e399edea6582406584af78	80f452f36f67...88613af09b61	Use ifdef to remove functions that aren't compatible with MCUs with 64kiB flash or less	/home/travis/Arduino/hardware/MightyCore/avr/libraries/SPI/examples/BarometricPressureSensor/BarometricPressureSensor.ino	MightyCore:avr:324:pinout=standard,variant=modelP,BOD=2v7,LTO=Os_flto,clock=20MHz_external	1.8.5			1	false	0	0		0	
2021-03-31 07:28:18	193	193.16	https://travis-ci.org/MCUdude/MightyCore/jobs/765252338	push		false	master	88613af09b616691d2e399edea6582406584af78	80f452f36f67...88613af09b61	Use ifdef to remove functions that aren't compatible with MCUs with 64kiB flash or less	/home/travis/Arduino/hardware/MightyCore/avr/libraries/SPI/examples/DigitalPotControl/DigitalPotControl.ino	MightyCore:avr:324:pinout=standard,variant=modelP,BOD=2v7,LTO=Os_flto,clock=20MHz_external	1.8.5			0	false	0	0		0	
2021-03-31 07:28:21	193	193.16	https://travis-ci.org/MCUdude/MightyCore/jobs/765252338	push		false	master	88613af09b616691d2e399edea6582406584af78	80f452f36f67...88613af09b61	Use ifdef to remove functions that aren't compatible with MCUs with 64kiB flash or less	/home/travis/Arduino/hardware/MightyCore/avr/libraries/Wire/examples/i2c_scanner/i2c_scanner.ino	MightyCore:avr:324:pinout=standard,variant=modelP,BOD=2v7,LTO=Os_flto,clock=20MHz_external	1.8.5			0	false	0	0		0	
2021-03-31 07:28:24	193	193.16	https://travis-ci.org/MCUdude/MightyCore/jobs/765252338	push		false	master	88613af09b616691d2e399edea6582406584af78	80f452f36f67...88613af09b61	Use ifdef to remove functions that aren't compatible with MCUs with 64kiB flash or less	/home/travis/Arduino/hardware/MightyCore/avr/libraries/Wire/examples/SFRRanger_reader/SFRRanger_reader.ino	MightyCore:avr:324:pinout=standard,variant=modelP,BOD=2v7,LTO=Os_flto,clock=20MHz_external	1.8.5			0	false	0	0		0	
2021-03-31 07:28:27	193	193.16	https://travis-ci.org/MCUdude/MightyCore/jobs/765252338	push		false	master	88613af09b616691d2e399edea6582406584af78	80f452f36f67...88613af09b61	Use ifdef to remove functions that aren't compatible with MCUs with 64kiB flash or less	/home/travis/Arduino/hardware/MightyCore/avr/libraries/Wire/examples/master_writer/master_writer.ino	MightyCore:avr:324:pinout=standard,variant=modelP,BOD=2v7,LTO=Os_flto,clock=20MHz_external	1.8.5			0	false	0	0		0	
2021-03-31 07:28:30	193	193.16	https://travis-ci.org/MCUdude/MightyCore/jobs/765252338	push		false	master	88613af09b616691d2e399edea6582406584af78	80f452f36f67...88613af09b61	Use ifdef to remove functions that aren't compatible with MCUs with 64kiB flash or less	/home/travis/Arduino/hardware/MightyCore/avr/libraries/Wire/examples/digital_potentiometer/digital_potentiometer.ino	MightyCore:avr:324:pinout=standard,variant=modelP,BOD=2v7,LTO=Os_flto,clock=20MHz_external	1.8.5			0	false	0	0		0	
2021-03-31 07:28:33	193	193.16	https://travis-ci.org/MCUdude/MightyCore/jobs/765252338	push		false	master	88613af09b616691d2e399edea6582406584af78	80f452f36f67...88613af09b61	Use ifdef to remove functions that aren't compatible with MCUs with 64kiB flash or less	/home/travis/Arduino/hardware/MightyCore/avr/libraries/Wire/examples/slave_receiver/slave_receiver.ino	MightyCore:avr:324:pinout=standard,variant=modelP,BOD=2v7,LTO=Os_flto,clock=20MHz_external	1.8.5			0	false	0	0		0	
2021-03-31 07:28:36	193	193.16	https://travis-ci.org/MCUdude/MightyCore/jobs/765252338	push		false	master	88613af09b616691d2e399edea6582406584af78	80f452f36f67...88613af09b61	Use ifdef to remove functions that aren't compatible with MCUs with 64kiB flash or less	/home/travis/Arduino/hardware/MightyCore/avr/libraries/Wire/examples/master_reader/master_reader.ino	MightyCore:avr:324:pinout=standard,variant=modelP,BOD=2v7,LTO=Os_flto,clock=20MHz_external	1.8.5			0	false	0	0		0	
2021-03-31 07:28:39	193	193.16	https://travis-ci.org/MCUdude/MightyCore/jobs/765252338	push		false	master	88613af09b616691d2e399edea6582406584af78	80f452f36f67...88613af09b61	Use ifdef to remove functions that aren't compatible with MCUs with 64kiB flash or less	/home/travis/Arduino/hardware/MightyCore/avr/libraries/Wire/examples/slave_sender/slave_sender.ino	MightyCore:avr:324:pinout=standard,variant=modelP,BOD=2v7,LTO=Os_flto,clock=20MHz_external	1.8.5			0	false	0	0		0	
2021-03-31 07:28:43	193	193.16	https://travis-ci.org/MCUdude/MightyCore/jobs/765252338	push		false	master	88613af09b616691d2e399edea6582406584af78	80f452f36f67...88613af09b61	Use ifdef to remove functions that aren't compatible with MCUs with 64kiB flash or less	/home/travis/Arduino/hardware/MightyCore/avr/libraries/AVR_examples/examples/Blink_using_Timer0/Blink_using_Timer0.ino	MightyCore:avr:324:pinout=standard,variant=modelP,BOD=2v7,LTO=Os_flto,clock=20MHz_external	1.8.13	254	2	0	false	0	0		0	
2021-03-31 07:28:46	193	193.16	https://travis-ci.org/MCUdude/MightyCore/jobs/765252338	push		false	master	88613af09b616691d2e399edea6582406584af78	80f452f36f67...88613af09b61	Use ifdef to remove functions that aren't compatible with MCUs with 64kiB flash or less	/home/travis/Arduino/hardware/MightyCore/avr/libraries/AVR_examples/examples/Read_port_write_port/Read_port_write_port.ino	MightyCore:avr:324:pinout=standard,variant=modelP,BOD=2v7,LTO=Os_flto,clock=20MHz_external	1.8.13	164	0	0	false	0	0		0	
2021-03-31 07:28:49	193	193.16	https://travis-ci.org/MCUdude/MightyCore/jobs/765252338	push		false	master	88613af09b616691d2e399edea6582406584af78	80f452f36f67...88613af09b61	Use ifdef to remove functions that aren't compatible with MCUs with 64kiB flash or less	/home/travis/Arduino/hardware/MightyCore/avr/libraries/AVR_examples/examples/Measure_period_length/Measure_period_length.ino	MightyCore:avr:324:pinout=standard,variant=modelP,BOD=2v7,LTO=Os_flto,clock=20MHz_external	1.8.13	1516	182	0	false	0	0		0	
2021-03-31 07:28:52	193	193.16	https://travis-ci.org/MCUdude/MightyCore/jobs/765252338	push		false	master	88613af09b616691d2e399edea6582406584af78	80f452f36f67...88613af09b61	Use ifdef to remove functions that aren't compatible with MCUs with 64kiB flash or less	/home/travis/Arduino/hardware/MightyCore/avr/libraries/AVR_examples/examples/Watch_dog_timer/Watch_dog_timer.ino	MightyCore:avr:324:pinout=standard,variant=modelP,BOD=2v7,LTO=Os_flto,clock=20MHz_external	1.8.13	246	2	0	false	0	0		0	
2021-03-31 07:28:54	193	193.16	https://travis-ci.org/MCUdude/MightyCore/jobs/765252338	push		false	master	88613af09b616691d2e399edea6582406584af78	80f452f36f67...88613af09b61	Use ifdef to remove functions that aren't compatible with MCUs with 64kiB flash or less	/home/travis/Arduino/hardware/MightyCore/avr/libraries/AVR_examples/examples/Blink/Blink.ino	MightyCore:avr:324:pinout=standard,variant=modelP,BOD=2v7,LTO=Os_flto,clock=20MHz_external	1.8.13	196	0	0	false	0	0		0	
2021-03-31 07:28:58	193	193.16	https://travis-ci.org/MCUdude/MightyCore/jobs/765252338	push		false	master	88613af09b616691d2e399edea6582406584af78	80f452f36f67...88613af09b61	Use ifdef to remove functions that aren't compatible with MCUs with 64kiB flash or less	/home/travis/Arduino/hardware/MightyCore/avr/libraries/SD/examples/Datalogger/Datalogger.ino	MightyCore:avr:324:pinout=standard,variant=modelP,BOD=2v7,LTO=Os_flto,clock=20MHz_external	1.8.13	11442	924	0	false	0	0		0	
2021-03-31 07:29:01	193	193.16	https://travis-ci.org/MCUdude/MightyCore/jobs/765252338	push		false	master	88613af09b616691d2e399edea6582406584af78	80f452f36f67...88613af09b61	Use ifdef to remove functions that aren't compatible with MCUs with 64kiB flash or less	/home/travis/Arduino/hardware/MightyCore/avr/libraries/SD/examples/CardInfo/CardInfo.ino	MightyCore:avr:324:pinout=standard,variant=modelP,BOD=2v7,LTO=Os_flto,clock=20MHz_external	1.8.13	9290	1345	0	false	0	0		0	
2021-03-31 07:29:05	193	193.16	https://travis-ci.org/MCUdude/MightyCore/jobs/765252338	push		false	master	88613af09b616691d2e399edea6582406584af78	80f452f36f67...88613af09b61	Use ifdef to remove functions that aren't compatible with MCUs with 64kiB flash or less	/home/travis/Arduino/hardware/MightyCore/avr/libraries/SD/examples/ReadWrite/ReadWrite.ino	MightyCore:avr:324:pinout=standard,variant=modelP,BOD=2v7,LTO=Os_flto,clock=20MHz_external	1.8.13	10638	993	0	false	0	0		0	
2021-03-31 07:29:08	193	193.16	https://travis-ci.org/MCUdude/MightyCore/jobs/765252338	push		false	master	88613af09b616691d2e399edea6582406584af78	80f452f36f67...88613af09b61	Use ifdef to remove functions that aren't compatible with MCUs with 64kiB flash or less	/home/travis/Arduino/hardware/MightyCore/avr/libraries/SD/examples/listfiles/listfiles.ino	MightyCore:avr:324:pinout=standard,variant=modelP,BOD=2v7,LTO=Os_flto,clock=20MHz_external	1.8.13	11004	931	0	false	0	0		0	
2021-03-31 07:29:12	193	193.16	https://travis-ci.org/MCUdude/MightyCore/jobs/765252338	push		false	master	88613af09b616691d2e399edea6582406584af78	80f452f36f67...88613af09b61	Use ifdef to remove functions that aren't compatible with MCUs with 64kiB flash or less	/home/travis/Arduino/hardware/MightyCore/avr/libraries/SD/examples/DumpFile/DumpFile.ino	MightyCore:avr:324:pinout=standard,variant=modelP,BOD=2v7,LTO=Os_flto,clock=20MHz_external	1.8.13	9794	922	0	false	0	0		0	
2021-03-31 07:29:16	193	193.16	https://travis-ci.org/MCUdude/MightyCore/jobs/765252338	push		false	master	88613af09b616691d2e399edea6582406584af78	80f452f36f67...88613af09b61	Use ifdef to remove functions that aren't compatible with MCUs with 64kiB flash or less	/home/travis/Arduino/hardware/MightyCore/avr/libraries/SD/examples/Files/Files.ino	MightyCore:avr:324:pinout=standard,variant=modelP,BOD=2v7,LTO=Os_flto,clock=20MHz_external	1.8.13	11352	1027	0	false	0	0		0	
2021-03-31 07:29:19	193	193.16	https://travis-ci.org/MCUdude/MightyCore/jobs/765252338	push		false	master	88613af09b616691d2e399edea6582406584af78	80f452f36f67...88613af09b61	Use ifdef to remove functions that aren't compatible with MCUs with 64kiB flash or less	/home/travis/Arduino/hardware/MightyCore/avr/libraries/SoftwareSerial/examples/SoftwareSerialExample/SoftwareSerialExample.ino	MightyCore:avr:324:pinout=standard,variant=modelP,BOD=2v7,LTO=Os_flto,clock=20MHz_external	1.8.13	3232	332	0	false	0	0		0	
2021-03-31 07:29:21	193	193.16	https://travis-ci.org/MCUdude/MightyCore/jobs/765252338	push		false	master	88613af09b616691d2e399edea6582406584af78	80f452f36f67...88613af09b61	Use ifdef to remove functions that aren't compatible with MCUs with 64kiB flash or less	/home/travis/Arduino/hardware/MightyCore/avr/libraries/SoftwareSerial/examples/TwoPortReceive/TwoPortReceive.ino	MightyCore:avr:324:pinout=standard,variant=modelP,BOD=2v7,LTO=Os_flto,clock=20MHz_external	1.8.13	3252	373	0	false	0	0		0	
2021-03-31 07:29:24	193	193.16	https://travis-ci.org/MCUdude/MightyCore/jobs/765252338	push		false	master	88613af09b616691d2e399edea6582406584af78	80f452f36f67...88613af09b61	Use ifdef to remove functions that aren't compatible with MCUs with 64kiB flash or less	/home/travis/Arduino/hardware/MightyCore/avr/libraries/Servo/examples/Knob/Knob.ino	MightyCore:avr:324:pinout=standard,variant=modelP,BOD=2v7,LTO=Os_flto,clock=20MHz_external	1.8.13	2196	47	0	false	0	0		0	
2021-03-31 07:29:27	193	193.16	https://travis-ci.org/MCUdude/MightyCore/jobs/765252338	push		false	master	88613af09b616691d2e399edea6582406584af78	80f452f36f67...88613af09b61	Use ifdef to remove functions that aren't compatible with MCUs with 64kiB flash or less	/home/travis/Arduino/hardware/MightyCore/avr/libraries/Servo/examples/Sweep/Sweep.ino	MightyCore:avr:324:pinout=standard,variant=modelP,BOD=2v7,LTO=Os_flto,clock=20MHz_external	1.8.13	2238	49	0	false	0	0		0	
2021-03-31 07:29:30	193	193.16	https://travis-ci.org/MCUdude/MightyCore/jobs/765252338	push		false	master	88613af09b616691d2e399edea6582406584af78	80f452f36f67...88613af09b61	Use ifdef to remove functions that aren't compatible with MCUs with 64kiB flash or less	/home/travis/Arduino/hardware/MightyCore/avr/libraries/EEPROM/examples/eeprom_get/eeprom_get.ino	MightyCore:avr:324:pinout=standard,variant=modelP,BOD=2v7,LTO=Os_flto,clock=20MHz_external	1.8.13	3458	255	0	false	0	0		0	
2021-03-31 07:29:33	193	193.16	https://travis-ci.org/MCUdude/MightyCore/jobs/765252338	push		false	master	88613af09b616691d2e399edea6582406584af78	80f452f36f67...88613af09b61	Use ifdef to remove functions that aren't compatible with MCUs with 64kiB flash or less	/home/travis/Arduino/hardware/MightyCore/avr/libraries/EEPROM/examples/eeprom_crc/eeprom_crc.ino	MightyCore:avr:324:pinout=standard,variant=modelP,BOD=2v7,LTO=Os_flto,clock=20MHz_external	1.8.13	2024	297	0	false	0	0		0	
2021-03-31 07:29:36	193	193.16	https://travis-ci.org/MCUdude/MightyCore/jobs/765252338	push		false	master	88613af09b616691d2e399edea6582406584af78	80f452f36f67...88613af09b61	Use ifdef to remove functions that aren't compatible with MCUs with 64kiB flash or less	/home/travis/Arduino/hardware/MightyCore/avr/libraries/EEPROM/examples/eeprom_read/eeprom_read.ino	MightyCore:avr:324:pinout=standard,variant=modelP,BOD=2v7,LTO=Os_flto,clock=20MHz_external	1.8.13	1976	190	0	false	0	0		0	
2021-03-31 07:29:38	193	193.16	https://travis-ci.org/MCUdude/MightyCore/jobs/765252338	push		false	master	88613af09b616691d2e399edea6582406584af78	80f452f36f67...88613af09b61	Use ifdef to remove functions that aren't compatible with MCUs with 64kiB flash or less	/home/travis/Arduino/hardware/MightyCore/avr/libraries/EEPROM/examples/eeprom_clear/eeprom_clear.ino	MightyCore:avr:324:pinout=standard,variant=modelP,BOD=2v7,LTO=Os_flto,clock=20MHz_external	1.8.13	682	6	0	false	0	0		0	
2021-03-31 07:29:41	193	193.16	https://travis-ci.org/MCUdude/MightyCore/jobs/765252338	push		false	master	88613af09b616691d2e399edea6582406584af78	80f452f36f67...88613af09b61	Use ifdef to remove functions that aren't compatible with MCUs with 64kiB flash or less	/home/travis/Arduino/hardware/MightyCore/avr/libraries/EEPROM/examples/eeprom_write/eeprom_write.ino	MightyCore:avr:324:pinout=standard,variant=modelP,BOD=2v7,LTO=Os_flto,clock=20MHz_external	1.8.13	792	8	0	false	0	0		0	
2021-03-31 07:29:44	193	193.16	https://travis-ci.org/MCUdude/MightyCore/jobs/765252338	push		false	master	88613af09b616691d2e399edea6582406584af78	80f452f36f67...88613af09b61	Use ifdef to remove functions that aren't compatible with MCUs with 64kiB flash or less	/home/travis/Arduino/hardware/MightyCore/avr/libraries/EEPROM/examples/eeprom_iteration/eeprom_iteration.ino	MightyCore:avr:324:pinout=standard,variant=modelP,BOD=2v7,LTO=Os_flto,clock=20MHz_external	1.8.13	576	6	0	false	0	0		0	
2021-03-31 07:29:47	193	193.16	https://travis-ci.org/MCUdude/MightyCore/jobs/765252338	push		false	master	88613af09b616691d2e399edea6582406584af78	80f452f36f67...88613af09b61	Use ifdef to remove functions that aren't compatible with MCUs with 64kiB flash or less	/home/travis/Arduino/hardware/MightyCore/avr/libraries/EEPROM/examples/eeprom_update/eeprom_update.ino	MightyCore:avr:324:pinout=standard,variant=modelP,BOD=2v7,LTO=Os_flto,clock=20MHz_external	1.8.13	822	8	0	false	0	0		0	
2021-03-31 07:29:50	193	193.16	https://travis-ci.org/MCUdude/MightyCore/jobs/765252338	push		false	master	88613af09b616691d2e399edea6582406584af78	80f452f36f67...88613af09b61	Use ifdef to remove functions that aren't compatible with MCUs with 64kiB flash or less	/home/travis/Arduino/hardware/MightyCore/avr/libraries/EEPROM/examples/eeprom_put/eeprom_put.ino	MightyCore:avr:324:pinout=standard,variant=modelP,BOD=2v7,LTO=Os_flto,clock=20MHz_external	1.8.13	1736	327	0	false	0	0		0	
2021-03-31 07:29:52	193	193.16	https://travis-ci.org/MCUdude/MightyCore/jobs/765252338	push		false	master	88613af09b616691d2e399edea6582406584af78	80f452f36f67...88613af09b61	Use ifdef to remove functions that aren't compatible with MCUs with 64kiB flash or less	/home/travis/Arduino/hardware/MightyCore/avr/libraries/Optiboot_flasher/examples/SerialReadWrite/SerialReadWrite.ino	MightyCore:avr:324:pinout=standard,variant=modelP,BOD=2v7,LTO=Os_flto,clock=20MHz_external	1.8.13				false	1				
2021-03-31 07:29:55	193	193.16	https://travis-ci.org/MCUdude/MightyCore/jobs/765252338	push		false	master	88613af09b616691d2e399edea6582406584af78	80f452f36f67...88613af09b61	Use ifdef to remove functions that aren't compatible with MCUs with 64kiB flash or less	/home/travis/Arduino/hardware/MightyCore/avr/libraries/Timer/examples/Events/Events.ino	MightyCore:avr:324:pinout=standard,variant=modelP,BOD=2v7,LTO=Os_flto,clock=20MHz_external	1.8.13	3098	525	0	false	0	0		0	
2021-03-31 07:29:58	193	193.16	https://travis-ci.org/MCUdude/MightyCore/jobs/765252338	push		false	master	88613af09b616691d2e399edea6582406584af78	80f452f36f67...88613af09b61	Use ifdef to remove functions that aren't compatible with MCUs with 64kiB flash or less	/home/travis/Arduino/hardware/MightyCore/avr/libraries/Timer/examples/Pin_high_10_minutes/Pin_high_10_minutes.ino	MightyCore:avr:324:pinout=standard,variant=modelP,BOD=2v7,LTO=Os_flto,clock=20MHz_external	1.8.13	1112	196	0	false	0	0		0	
2021-03-31 07:30:01	193	193.16	https://travis-ci.org/MCUdude/MightyCore/jobs/765252338	push		false	master	88613af09b616691d2e399edea6582406584af78	80f452f36f67...88613af09b61	Use ifdef to remove functions that aren't compatible with MCUs with 64kiB flash or less	/home/travis/Arduino/hardware/MightyCore/avr/libraries/Timer/examples/Multitasking/Multitasking.ino	MightyCore:avr:324:pinout=standard,variant=modelP,BOD=2v7,LTO=Os_flto,clock=20MHz_external	1.8.13	2640	435	0	false	0	0		0	
2021-03-31 07:30:04	193	193.16	https://travis-ci.org/MCUdude/MightyCore/jobs/765252338	push		false	master	88613af09b616691d2e399edea6582406584af78	80f452f36f67...88613af09b61	Use ifdef to remove functions that aren't compatible with MCUs with 64kiB flash or less	/home/travis/Arduino/hardware/MightyCore/avr/libraries/Timer/examples/TimerTest/TimerTest.ino	MightyCore:avr:324:pinout=standard,variant=modelP,BOD=2v7,LTO=Os_flto,clock=20MHz_external	1.8.13	1078	196	0	false	0	0		0	
2021-03-31 07:30:07	193	193.16	https://travis-ci.org/MCUdude/MightyCore/jobs/765252338	push		false	master	88613af09b616691d2e399edea6582406584af78	80f452f36f67...88613af09b61	Use ifdef to remove functions that aren't compatible with MCUs with 64kiB flash or less	/home/travis/Arduino/hardware/MightyCore/avr/libraries/SPI/examples/BarometricPressureSensor/BarometricPressureSensor.ino	MightyCore:avr:324:pinout=standard,variant=modelP,BOD=2v7,LTO=Os_flto,clock=20MHz_external	1.8.13	5882	234	1	false	0	0		0	
2021-03-31 07:30:10	193	193.16	https://travis-ci.org/MCUdude/MightyCore/jobs/765252338	push		false	master	88613af09b616691d2e399edea6582406584af78	80f452f36f67...88613af09b61	Use ifdef to remove functions that aren't compatible with MCUs with 64kiB flash or less	/home/travis/Arduino/hardware/MightyCore/avr/libraries/SPI/examples/DigitalPotControl/DigitalPotControl.ino	MightyCore:avr:324:pinout=standard,variant=modelP,BOD=2v7,LTO=Os_flto,clock=20MHz_external	1.8.13	1268	7	0	false	0	0		0	
2021-03-31 07:30:13	193	193.16	https://travis-ci.org/MCUdude/MightyCore/jobs/765252338	push		false	master	88613af09b616691d2e399edea6582406584af78	80f452f36f67...88613af09b61	Use ifdef to remove functions that aren't compatible with MCUs with 64kiB flash or less	/home/travis/Arduino/hardware/MightyCore/avr/libraries/Wire/examples/i2c_scanner/i2c_scanner.ino	MightyCore:avr:324:pinout=standard,variant=modelP,BOD=2v7,LTO=Os_flto,clock=20MHz_external	1.8.13	3686	511	0	false	0	0		0	
2021-03-31 07:30:15	193	193.16	https://travis-ci.org/MCUdude/MightyCore/jobs/765252338	push		false	master	88613af09b616691d2e399edea6582406584af78	80f452f36f67...88613af09b61	Use ifdef to remove functions that aren't compatible with MCUs with 64kiB flash or less	/home/travis/Arduino/hardware/MightyCore/avr/libraries/Wire/examples/SFRRanger_reader/SFRRanger_reader.ino	MightyCore:avr:324:pinout=standard,variant=modelP,BOD=2v7,LTO=Os_flto,clock=20MHz_external	1.8.13	3744	397	0	false	0	0		0	
2021-03-31 07:30:18	193	193.16	https://travis-ci.org/MCUdude/MightyCore/jobs/765252338	push		false	master	88613af09b616691d2e399edea6582406584af78	80f452f36f67...88613af09b61	Use ifdef to remove functions that aren't compatible with MCUs with 64kiB flash or less	/home/travis/Arduino/hardware/MightyCore/avr/libraries/Wire/examples/master_writer/master_writer.ino	MightyCore:avr:324:pinout=standard,variant=modelP,BOD=2v7,LTO=Os_flto,clock=20MHz_external	1.8.13	2312	223	0	false	0	0		0	
2021-03-31 07:30:21	193	193.16	https://travis-ci.org/MCUdude/MightyCore/jobs/765252338	push		false	master	88613af09b616691d2e399edea6582406584af78	80f452f36f67...88613af09b61	Use ifdef to remove functions that aren't compatible with MCUs with 64kiB flash or less	/home/travis/Arduino/hardware/MightyCore/avr/libraries/Wire/examples/digital_potentiometer/digital_potentiometer.ino	MightyCore:avr:324:pinout=standard,variant=modelP,BOD=2v7,LTO=Os_flto,clock=20MHz_external	1.8.13	2300	217	0	false	0	0		0	
2021-03-31 07:30:24	193	193.16	https://travis-ci.org/MCUdude/MightyCore/jobs/765252338	push		false	master	88613af09b616691d2e399edea6582406584af78	80f452f36f67...88613af09b61	Use ifdef to remove functions that aren't compatible with MCUs with 64kiB flash or less	/home/travis/Arduino/hardware/MightyCore/avr/libraries/Wire/examples/slave_receiver/slave_receiver.ino	MightyCore:avr:324:pinout=standard,variant=modelP,BOD=2v7,LTO=Os_flto,clock=20MHz_external	1.8.13	3284	363	0	false	0	0		0	
2021-03-31 07:30:27	193	193.16	https://travis-ci.org/MCUdude/MightyCore/jobs/765252338	push		false	master	88613af09b616691d2e399edea6582406584af78	80f452f36f67...88613af09b61	Use ifdef to remove functions that aren't compatible with MCUs with 64kiB flash or less	/home/travis/Arduino/hardware/MightyCore/avr/libraries/Wire/examples/master_reader/master_reader.ino	MightyCore:avr:324:pinout=standard,variant=modelP,BOD=2v7,LTO=Os_flto,clock=20MHz_external	1.8.13	3010	357	0	false	0	0		0	
2021-03-31 07:30:30	193	193.16	https://travis-ci.org/MCUdude/MightyCore/jobs/765252338	push		false	master	88613af09b616691d2e399edea6582406584af78	80f452f36f67...88613af09b61	Use ifdef to remove functions that aren't compatible with MCUs with 64kiB flash or less	/home/travis/Arduino/hardware/MightyCore/avr/libraries/Wire/examples/slave_sender/slave_sender.ino	MightyCore:avr:324:pinout=standard,variant=modelP,BOD=2v7,LTO=Os_flto,clock=20MHz_external	1.8.13	2004	192	0	false	0	0		0	
