Build Timestamp (UTC)	Build	Job	Job URL	Build Trigger	Allow Job Failure	PR#	Branch	Commit	Commit Range	Commit Message	Sketch Filename	Board ID	IDE Version	Program Storage (bytes)	Dynamic Memory (bytes)	# Warnings	Allow Failure	Exit Status	# Board Issues	Board Issue	# Library Issues	Library Issue
2017-06-22 11:31:59	33	33.69	https://travis-ci.org/MCUdude/MegaCore/jobs/245658821	push	false	false	master	afd19c2bc5c8732cc8f9bf1134a2bea5052387df	b4b9a90ae7e5...afd19c2bc5c8	Merge pull request #56 from per1234/library-testing	/home/travis/Arduino/hardware/MegaCore/avr/libraries/EEPROM/examples/eeprom_put/eeprom_put.ino	MegaCore:avr:128:BOD=disabled,LTO=Os,clock=18_432MHz_external	1.6.7	2184	340	2	false	0	0		0	
2017-06-22 11:32:03	33	33.69	https://travis-ci.org/MCUdude/MegaCore/jobs/245658821	push	false	false	master	afd19c2bc5c8732cc8f9bf1134a2bea5052387df	b4b9a90ae7e5...afd19c2bc5c8	Merge pull request #56 from per1234/library-testing	/home/travis/Arduino/hardware/MegaCore/avr/libraries/EEPROM/examples/eeprom_crc/eeprom_crc.ino	MegaCore:avr:128:BOD=disabled,LTO=Os,clock=18_432MHz_external	1.6.7	2462	310	3	false	0	0		0	
2017-06-22 11:32:06	33	33.69	https://travis-ci.org/MCUdude/MegaCore/jobs/245658821	push	false	false	master	afd19c2bc5c8732cc8f9bf1134a2bea5052387df	b4b9a90ae7e5...afd19c2bc5c8	Merge pull request #56 from per1234/library-testing	/home/travis/Arduino/hardware/MegaCore/avr/libraries/EEPROM/examples/eeprom_write/eeprom_write.ino	MegaCore:avr:128:BOD=disabled,LTO=Os,clock=18_432MHz_external	1.6.7	882	13	3	false	0	0		0	
2017-06-22 11:32:10	33	33.69	https://travis-ci.org/MCUdude/MegaCore/jobs/245658821	push	false	false	master	afd19c2bc5c8732cc8f9bf1134a2bea5052387df	b4b9a90ae7e5...afd19c2bc5c8	Merge pull request #56 from per1234/library-testing	/home/travis/Arduino/hardware/MegaCore/avr/libraries/EEPROM/examples/eeprom_update/eeprom_update.ino	MegaCore:avr:128:BOD=disabled,LTO=Os,clock=18_432MHz_external	1.6.7	932	13	3	false	0	0		0	
2017-06-22 11:32:14	33	33.69	https://travis-ci.org/MCUdude/MegaCore/jobs/245658821	push	false	false	master	afd19c2bc5c8732cc8f9bf1134a2bea5052387df	b4b9a90ae7e5...afd19c2bc5c8	Merge pull request #56 from per1234/library-testing	/home/travis/Arduino/hardware/MegaCore/avr/libraries/EEPROM/examples/eeprom_get/eeprom_get.ino	MegaCore:avr:128:BOD=disabled,LTO=Os,clock=18_432MHz_external	1.6.7	3940	256	2	false	0	0		0	
2017-06-22 11:32:18	33	33.69	https://travis-ci.org/MCUdude/MegaCore/jobs/245658821	push	false	false	master	afd19c2bc5c8732cc8f9bf1134a2bea5052387df	b4b9a90ae7e5...afd19c2bc5c8	Merge pull request #56 from per1234/library-testing	/home/travis/Arduino/hardware/MegaCore/avr/libraries/EEPROM/examples/eeprom_clear/eeprom_clear.ino	MegaCore:avr:128:BOD=disabled,LTO=Os,clock=18_432MHz_external	1.6.7	916	9	3	false	0	0		0	
2017-06-22 11:32:21	33	33.69	https://travis-ci.org/MCUdude/MegaCore/jobs/245658821	push	false	false	master	afd19c2bc5c8732cc8f9bf1134a2bea5052387df	b4b9a90ae7e5...afd19c2bc5c8	Merge pull request #56 from per1234/library-testing	/home/travis/Arduino/hardware/MegaCore/avr/libraries/EEPROM/examples/eeprom_iteration/eeprom_iteration.ino	MegaCore:avr:128:BOD=disabled,LTO=Os,clock=18_432MHz_external	1.6.7	676	9	5	false	0	0		0	
2017-06-22 11:32:24	33	33.69	https://travis-ci.org/MCUdude/MegaCore/jobs/245658821	push	false	false	master	afd19c2bc5c8732cc8f9bf1134a2bea5052387df	b4b9a90ae7e5...afd19c2bc5c8	Merge pull request #56 from per1234/library-testing	/home/travis/Arduino/hardware/MegaCore/avr/libraries/EEPROM/examples/eeprom_read/eeprom_read.ino	MegaCore:avr:128:BOD=disabled,LTO=Os,clock=18_432MHz_external	1.6.7	2452	203	3	false	0	0		0	
2017-06-22 11:32:30	33	33.69	https://travis-ci.org/MCUdude/MegaCore/jobs/245658821	push	false	false	master	afd19c2bc5c8732cc8f9bf1134a2bea5052387df	b4b9a90ae7e5...afd19c2bc5c8	Merge pull request #56 from per1234/library-testing	/home/travis/Arduino/hardware/MegaCore/avr/libraries/EEPROM/examples/eeprom_put/eeprom_put.ino	MegaCore:avr:128:BOD=disabled,LTO=Os,clock=18_432MHz_external	1.6.8	2184	340	2	false	0	0		0	
2017-06-22 11:32:33	33	33.69	https://travis-ci.org/MCUdude/MegaCore/jobs/245658821	push	false	false	master	afd19c2bc5c8732cc8f9bf1134a2bea5052387df	b4b9a90ae7e5...afd19c2bc5c8	Merge pull request #56 from per1234/library-testing	/home/travis/Arduino/hardware/MegaCore/avr/libraries/EEPROM/examples/eeprom_crc/eeprom_crc.ino	MegaCore:avr:128:BOD=disabled,LTO=Os,clock=18_432MHz_external	1.6.8	2462	310	3	false	0	0		0	
2017-06-22 11:32:37	33	33.69	https://travis-ci.org/MCUdude/MegaCore/jobs/245658821	push	false	false	master	afd19c2bc5c8732cc8f9bf1134a2bea5052387df	b4b9a90ae7e5...afd19c2bc5c8	Merge pull request #56 from per1234/library-testing	/home/travis/Arduino/hardware/MegaCore/avr/libraries/EEPROM/examples/eeprom_write/eeprom_write.ino	MegaCore:avr:128:BOD=disabled,LTO=Os,clock=18_432MHz_external	1.6.8	882	13	3	false	0	0		0	
2017-06-22 11:32:40	33	33.69	https://travis-ci.org/MCUdude/MegaCore/jobs/245658821	push	false	false	master	afd19c2bc5c8732cc8f9bf1134a2bea5052387df	b4b9a90ae7e5...afd19c2bc5c8	Merge pull request #56 from per1234/library-testing	/home/travis/Arduino/hardware/MegaCore/avr/libraries/EEPROM/examples/eeprom_update/eeprom_update.ino	MegaCore:avr:128:BOD=disabled,LTO=Os,clock=18_432MHz_external	1.6.8	932	13	3	false	0	0		0	
2017-06-22 11:32:44	33	33.69	https://travis-ci.org/MCUdude/MegaCore/jobs/245658821	push	false	false	master	afd19c2bc5c8732cc8f9bf1134a2bea5052387df	b4b9a90ae7e5...afd19c2bc5c8	Merge pull request #56 from per1234/library-testing	/home/travis/Arduino/hardware/MegaCore/avr/libraries/EEPROM/examples/eeprom_get/eeprom_get.ino	MegaCore:avr:128:BOD=disabled,LTO=Os,clock=18_432MHz_external	1.6.8	3940	256	2	false	0	0		0	
2017-06-22 11:32:47	33	33.69	https://travis-ci.org/MCUdude/MegaCore/jobs/245658821	push	false	false	master	afd19c2bc5c8732cc8f9bf1134a2bea5052387df	b4b9a90ae7e5...afd19c2bc5c8	Merge pull request #56 from per1234/library-testing	/home/travis/Arduino/hardware/MegaCore/avr/libraries/EEPROM/examples/eeprom_clear/eeprom_clear.ino	MegaCore:avr:128:BOD=disabled,LTO=Os,clock=18_432MHz_external	1.6.8	916	9	3	false	0	0		0	
2017-06-22 11:32:51	33	33.69	https://travis-ci.org/MCUdude/MegaCore/jobs/245658821	push	false	false	master	afd19c2bc5c8732cc8f9bf1134a2bea5052387df	b4b9a90ae7e5...afd19c2bc5c8	Merge pull request #56 from per1234/library-testing	/home/travis/Arduino/hardware/MegaCore/avr/libraries/EEPROM/examples/eeprom_iteration/eeprom_iteration.ino	MegaCore:avr:128:BOD=disabled,LTO=Os,clock=18_432MHz_external	1.6.8	676	9	5	false	0	0		0	
2017-06-22 11:32:54	33	33.69	https://travis-ci.org/MCUdude/MegaCore/jobs/245658821	push	false	false	master	afd19c2bc5c8732cc8f9bf1134a2bea5052387df	b4b9a90ae7e5...afd19c2bc5c8	Merge pull request #56 from per1234/library-testing	/home/travis/Arduino/hardware/MegaCore/avr/libraries/EEPROM/examples/eeprom_read/eeprom_read.ino	MegaCore:avr:128:BOD=disabled,LTO=Os,clock=18_432MHz_external	1.6.8	2452	203	3	false	0	0		0	
2017-06-22 11:33:00	33	33.69	https://travis-ci.org/MCUdude/MegaCore/jobs/245658821	push	false	false	master	afd19c2bc5c8732cc8f9bf1134a2bea5052387df	b4b9a90ae7e5...afd19c2bc5c8	Merge pull request #56 from per1234/library-testing	/home/travis/Arduino/hardware/MegaCore/avr/libraries/EEPROM/examples/eeprom_put/eeprom_put.ino	MegaCore:avr:128:BOD=disabled,LTO=Os,clock=18_432MHz_external	1.6.9	2184	340	2	false	0	0		0	
2017-06-22 11:33:04	33	33.69	https://travis-ci.org/MCUdude/MegaCore/jobs/245658821	push	false	false	master	afd19c2bc5c8732cc8f9bf1134a2bea5052387df	b4b9a90ae7e5...afd19c2bc5c8	Merge pull request #56 from per1234/library-testing	/home/travis/Arduino/hardware/MegaCore/avr/libraries/EEPROM/examples/eeprom_crc/eeprom_crc.ino	MegaCore:avr:128:BOD=disabled,LTO=Os,clock=18_432MHz_external	1.6.9	2462	310	3	false	0	0		0	
2017-06-22 11:33:07	33	33.69	https://travis-ci.org/MCUdude/MegaCore/jobs/245658821	push	false	false	master	afd19c2bc5c8732cc8f9bf1134a2bea5052387df	b4b9a90ae7e5...afd19c2bc5c8	Merge pull request #56 from per1234/library-testing	/home/travis/Arduino/hardware/MegaCore/avr/libraries/EEPROM/examples/eeprom_write/eeprom_write.ino	MegaCore:avr:128:BOD=disabled,LTO=Os,clock=18_432MHz_external	1.6.9	882	13	3	false	0	0		0	
2017-06-22 11:33:10	33	33.69	https://travis-ci.org/MCUdude/MegaCore/jobs/245658821	push	false	false	master	afd19c2bc5c8732cc8f9bf1134a2bea5052387df	b4b9a90ae7e5...afd19c2bc5c8	Merge pull request #56 from per1234/library-testing	/home/travis/Arduino/hardware/MegaCore/avr/libraries/EEPROM/examples/eeprom_update/eeprom_update.ino	MegaCore:avr:128:BOD=disabled,LTO=Os,clock=18_432MHz_external	1.6.9	932	13	3	false	0	0		0	
2017-06-22 11:33:14	33	33.69	https://travis-ci.org/MCUdude/MegaCore/jobs/245658821	push	false	false	master	afd19c2bc5c8732cc8f9bf1134a2bea5052387df	b4b9a90ae7e5...afd19c2bc5c8	Merge pull request #56 from per1234/library-testing	/home/travis/Arduino/hardware/MegaCore/avr/libraries/EEPROM/examples/eeprom_get/eeprom_get.ino	MegaCore:avr:128:BOD=disabled,LTO=Os,clock=18_432MHz_external	1.6.9	3940	256	2	false	0	0		0	
2017-06-22 11:33:17	33	33.69	https://travis-ci.org/MCUdude/MegaCore/jobs/245658821	push	false	false	master	afd19c2bc5c8732cc8f9bf1134a2bea5052387df	b4b9a90ae7e5...afd19c2bc5c8	Merge pull request #56 from per1234/library-testing	/home/travis/Arduino/hardware/MegaCore/avr/libraries/EEPROM/examples/eeprom_clear/eeprom_clear.ino	MegaCore:avr:128:BOD=disabled,LTO=Os,clock=18_432MHz_external	1.6.9	916	9	3	false	0	0		0	
2017-06-22 11:33:20	33	33.69	https://travis-ci.org/MCUdude/MegaCore/jobs/245658821	push	false	false	master	afd19c2bc5c8732cc8f9bf1134a2bea5052387df	b4b9a90ae7e5...afd19c2bc5c8	Merge pull request #56 from per1234/library-testing	/home/travis/Arduino/hardware/MegaCore/avr/libraries/EEPROM/examples/eeprom_iteration/eeprom_iteration.ino	MegaCore:avr:128:BOD=disabled,LTO=Os,clock=18_432MHz_external	1.6.9	676	9	5	false	0	0		0	
2017-06-22 11:33:24	33	33.69	https://travis-ci.org/MCUdude/MegaCore/jobs/245658821	push	false	false	master	afd19c2bc5c8732cc8f9bf1134a2bea5052387df	b4b9a90ae7e5...afd19c2bc5c8	Merge pull request #56 from per1234/library-testing	/home/travis/Arduino/hardware/MegaCore/avr/libraries/EEPROM/examples/eeprom_read/eeprom_read.ino	MegaCore:avr:128:BOD=disabled,LTO=Os,clock=18_432MHz_external	1.6.9	2452	203	3	false	0	0		0	
2017-06-22 11:33:27	33	33.69	https://travis-ci.org/MCUdude/MegaCore/jobs/245658821	push	false	false	master	afd19c2bc5c8732cc8f9bf1134a2bea5052387df	b4b9a90ae7e5...afd19c2bc5c8	Merge pull request #56 from per1234/library-testing	/home/travis/Arduino/hardware/MegaCore/avr/libraries/EEPROM/examples/eeprom_put/eeprom_put.ino	MegaCore:avr:128:BOD=disabled,LTO=Os,clock=18_432MHz_external	1.6.10	2184	340	2	false	0	0		0	
2017-06-22 11:33:31	33	33.69	https://travis-ci.org/MCUdude/MegaCore/jobs/245658821	push	false	false	master	afd19c2bc5c8732cc8f9bf1134a2bea5052387df	b4b9a90ae7e5...afd19c2bc5c8	Merge pull request #56 from per1234/library-testing	/home/travis/Arduino/hardware/MegaCore/avr/libraries/EEPROM/examples/eeprom_crc/eeprom_crc.ino	MegaCore:avr:128:BOD=disabled,LTO=Os,clock=18_432MHz_external	1.6.10	2462	310	3	false	0	0		0	
2017-06-22 11:33:34	33	33.69	https://travis-ci.org/MCUdude/MegaCore/jobs/245658821	push	false	false	master	afd19c2bc5c8732cc8f9bf1134a2bea5052387df	b4b9a90ae7e5...afd19c2bc5c8	Merge pull request #56 from per1234/library-testing	/home/travis/Arduino/hardware/MegaCore/avr/libraries/EEPROM/examples/eeprom_write/eeprom_write.ino	MegaCore:avr:128:BOD=disabled,LTO=Os,clock=18_432MHz_external	1.6.10	882	13	3	false	0	0		0	
2017-06-22 11:33:38	33	33.69	https://travis-ci.org/MCUdude/MegaCore/jobs/245658821	push	false	false	master	afd19c2bc5c8732cc8f9bf1134a2bea5052387df	b4b9a90ae7e5...afd19c2bc5c8	Merge pull request #56 from per1234/library-testing	/home/travis/Arduino/hardware/MegaCore/avr/libraries/EEPROM/examples/eeprom_update/eeprom_update.ino	MegaCore:avr:128:BOD=disabled,LTO=Os,clock=18_432MHz_external	1.6.10	932	13	3	false	0	0		0	
2017-06-22 11:33:41	33	33.69	https://travis-ci.org/MCUdude/MegaCore/jobs/245658821	push	false	false	master	afd19c2bc5c8732cc8f9bf1134a2bea5052387df	b4b9a90ae7e5...afd19c2bc5c8	Merge pull request #56 from per1234/library-testing	/home/travis/Arduino/hardware/MegaCore/avr/libraries/EEPROM/examples/eeprom_get/eeprom_get.ino	MegaCore:avr:128:BOD=disabled,LTO=Os,clock=18_432MHz_external	1.6.10	3940	256	2	false	0	0		0	
2017-06-22 11:33:45	33	33.69	https://travis-ci.org/MCUdude/MegaCore/jobs/245658821	push	false	false	master	afd19c2bc5c8732cc8f9bf1134a2bea5052387df	b4b9a90ae7e5...afd19c2bc5c8	Merge pull request #56 from per1234/library-testing	/home/travis/Arduino/hardware/MegaCore/avr/libraries/EEPROM/examples/eeprom_clear/eeprom_clear.ino	MegaCore:avr:128:BOD=disabled,LTO=Os,clock=18_432MHz_external	1.6.10	916	9	3	false	0	0		0	
2017-06-22 11:33:48	33	33.69	https://travis-ci.org/MCUdude/MegaCore/jobs/245658821	push	false	false	master	afd19c2bc5c8732cc8f9bf1134a2bea5052387df	b4b9a90ae7e5...afd19c2bc5c8	Merge pull request #56 from per1234/library-testing	/home/travis/Arduino/hardware/MegaCore/avr/libraries/EEPROM/examples/eeprom_iteration/eeprom_iteration.ino	MegaCore:avr:128:BOD=disabled,LTO=Os,clock=18_432MHz_external	1.6.10	676	9	5	false	0	0		0	
2017-06-22 11:33:52	33	33.69	https://travis-ci.org/MCUdude/MegaCore/jobs/245658821	push	false	false	master	afd19c2bc5c8732cc8f9bf1134a2bea5052387df	b4b9a90ae7e5...afd19c2bc5c8	Merge pull request #56 from per1234/library-testing	/home/travis/Arduino/hardware/MegaCore/avr/libraries/EEPROM/examples/eeprom_read/eeprom_read.ino	MegaCore:avr:128:BOD=disabled,LTO=Os,clock=18_432MHz_external	1.6.10	2452	203	3	false	0	0		0	
2017-06-22 11:33:55	33	33.69	https://travis-ci.org/MCUdude/MegaCore/jobs/245658821	push	false	false	master	afd19c2bc5c8732cc8f9bf1134a2bea5052387df	b4b9a90ae7e5...afd19c2bc5c8	Merge pull request #56 from per1234/library-testing	/home/travis/Arduino/hardware/MegaCore/avr/libraries/EEPROM/examples/eeprom_put/eeprom_put.ino	MegaCore:avr:128:BOD=disabled,LTO=Os,clock=18_432MHz_external	1.6.11	2184	340	2	false	0	0		0	
2017-06-22 11:33:59	33	33.69	https://travis-ci.org/MCUdude/MegaCore/jobs/245658821	push	false	false	master	afd19c2bc5c8732cc8f9bf1134a2bea5052387df	b4b9a90ae7e5...afd19c2bc5c8	Merge pull request #56 from per1234/library-testing	/home/travis/Arduino/hardware/MegaCore/avr/libraries/EEPROM/examples/eeprom_crc/eeprom_crc.ino	MegaCore:avr:128:BOD=disabled,LTO=Os,clock=18_432MHz_external	1.6.11	2462	310	3	false	0	0		0	
2017-06-22 11:34:02	33	33.69	https://travis-ci.org/MCUdude/MegaCore/jobs/245658821	push	false	false	master	afd19c2bc5c8732cc8f9bf1134a2bea5052387df	b4b9a90ae7e5...afd19c2bc5c8	Merge pull request #56 from per1234/library-testing	/home/travis/Arduino/hardware/MegaCore/avr/libraries/EEPROM/examples/eeprom_write/eeprom_write.ino	MegaCore:avr:128:BOD=disabled,LTO=Os,clock=18_432MHz_external	1.6.11	882	13	3	false	0	0		0	
2017-06-22 11:34:05	33	33.69	https://travis-ci.org/MCUdude/MegaCore/jobs/245658821	push	false	false	master	afd19c2bc5c8732cc8f9bf1134a2bea5052387df	b4b9a90ae7e5...afd19c2bc5c8	Merge pull request #56 from per1234/library-testing	/home/travis/Arduino/hardware/MegaCore/avr/libraries/EEPROM/examples/eeprom_update/eeprom_update.ino	MegaCore:avr:128:BOD=disabled,LTO=Os,clock=18_432MHz_external	1.6.11	932	13	3	false	0	0		0	
2017-06-22 11:34:09	33	33.69	https://travis-ci.org/MCUdude/MegaCore/jobs/245658821	push	false	false	master	afd19c2bc5c8732cc8f9bf1134a2bea5052387df	b4b9a90ae7e5...afd19c2bc5c8	Merge pull request #56 from per1234/library-testing	/home/travis/Arduino/hardware/MegaCore/avr/libraries/EEPROM/examples/eeprom_get/eeprom_get.ino	MegaCore:avr:128:BOD=disabled,LTO=Os,clock=18_432MHz_external	1.6.11	3940	256	2	false	0	0		0	
2017-06-22 11:34:12	33	33.69	https://travis-ci.org/MCUdude/MegaCore/jobs/245658821	push	false	false	master	afd19c2bc5c8732cc8f9bf1134a2bea5052387df	b4b9a90ae7e5...afd19c2bc5c8	Merge pull request #56 from per1234/library-testing	/home/travis/Arduino/hardware/MegaCore/avr/libraries/EEPROM/examples/eeprom_clear/eeprom_clear.ino	MegaCore:avr:128:BOD=disabled,LTO=Os,clock=18_432MHz_external	1.6.11	916	9	3	false	0	0		0	
2017-06-22 11:34:16	33	33.69	https://travis-ci.org/MCUdude/MegaCore/jobs/245658821	push	false	false	master	afd19c2bc5c8732cc8f9bf1134a2bea5052387df	b4b9a90ae7e5...afd19c2bc5c8	Merge pull request #56 from per1234/library-testing	/home/travis/Arduino/hardware/MegaCore/avr/libraries/EEPROM/examples/eeprom_iteration/eeprom_iteration.ino	MegaCore:avr:128:BOD=disabled,LTO=Os,clock=18_432MHz_external	1.6.11	676	9	5	false	0	0		0	
2017-06-22 11:34:19	33	33.69	https://travis-ci.org/MCUdude/MegaCore/jobs/245658821	push	false	false	master	afd19c2bc5c8732cc8f9bf1134a2bea5052387df	b4b9a90ae7e5...afd19c2bc5c8	Merge pull request #56 from per1234/library-testing	/home/travis/Arduino/hardware/MegaCore/avr/libraries/EEPROM/examples/eeprom_read/eeprom_read.ino	MegaCore:avr:128:BOD=disabled,LTO=Os,clock=18_432MHz_external	1.6.11	2452	203	3	false	0	0		0	
2017-06-22 11:34:23	33	33.69	https://travis-ci.org/MCUdude/MegaCore/jobs/245658821	push	false	false	master	afd19c2bc5c8732cc8f9bf1134a2bea5052387df	b4b9a90ae7e5...afd19c2bc5c8	Merge pull request #56 from per1234/library-testing	/home/travis/Arduino/hardware/MegaCore/avr/libraries/EEPROM/examples/eeprom_put/eeprom_put.ino	MegaCore:avr:128:BOD=disabled,LTO=Os,clock=18_432MHz_external	1.6.12	2184	340	2	false	0	0		0	
2017-06-22 11:34:26	33	33.69	https://travis-ci.org/MCUdude/MegaCore/jobs/245658821	push	false	false	master	afd19c2bc5c8732cc8f9bf1134a2bea5052387df	b4b9a90ae7e5...afd19c2bc5c8	Merge pull request #56 from per1234/library-testing	/home/travis/Arduino/hardware/MegaCore/avr/libraries/EEPROM/examples/eeprom_crc/eeprom_crc.ino	MegaCore:avr:128:BOD=disabled,LTO=Os,clock=18_432MHz_external	1.6.12	2462	310	3	false	0	0		0	
2017-06-22 11:34:30	33	33.69	https://travis-ci.org/MCUdude/MegaCore/jobs/245658821	push	false	false	master	afd19c2bc5c8732cc8f9bf1134a2bea5052387df	b4b9a90ae7e5...afd19c2bc5c8	Merge pull request #56 from per1234/library-testing	/home/travis/Arduino/hardware/MegaCore/avr/libraries/EEPROM/examples/eeprom_write/eeprom_write.ino	MegaCore:avr:128:BOD=disabled,LTO=Os,clock=18_432MHz_external	1.6.12	882	13	3	false	0	0		0	
2017-06-22 11:34:33	33	33.69	https://travis-ci.org/MCUdude/MegaCore/jobs/245658821	push	false	false	master	afd19c2bc5c8732cc8f9bf1134a2bea5052387df	b4b9a90ae7e5...afd19c2bc5c8	Merge pull request #56 from per1234/library-testing	/home/travis/Arduino/hardware/MegaCore/avr/libraries/EEPROM/examples/eeprom_update/eeprom_update.ino	MegaCore:avr:128:BOD=disabled,LTO=Os,clock=18_432MHz_external	1.6.12	932	13	3	false	0	0		0	
2017-06-22 11:34:36	33	33.69	https://travis-ci.org/MCUdude/MegaCore/jobs/245658821	push	false	false	master	afd19c2bc5c8732cc8f9bf1134a2bea5052387df	b4b9a90ae7e5...afd19c2bc5c8	Merge pull request #56 from per1234/library-testing	/home/travis/Arduino/hardware/MegaCore/avr/libraries/EEPROM/examples/eeprom_get/eeprom_get.ino	MegaCore:avr:128:BOD=disabled,LTO=Os,clock=18_432MHz_external	1.6.12	3940	256	2	false	0	0		0	
2017-06-22 11:34:40	33	33.69	https://travis-ci.org/MCUdude/MegaCore/jobs/245658821	push	false	false	master	afd19c2bc5c8732cc8f9bf1134a2bea5052387df	b4b9a90ae7e5...afd19c2bc5c8	Merge pull request #56 from per1234/library-testing	/home/travis/Arduino/hardware/MegaCore/avr/libraries/EEPROM/examples/eeprom_clear/eeprom_clear.ino	MegaCore:avr:128:BOD=disabled,LTO=Os,clock=18_432MHz_external	1.6.12	916	9	3	false	0	0		0	
2017-06-22 11:34:43	33	33.69	https://travis-ci.org/MCUdude/MegaCore/jobs/245658821	push	false	false	master	afd19c2bc5c8732cc8f9bf1134a2bea5052387df	b4b9a90ae7e5...afd19c2bc5c8	Merge pull request #56 from per1234/library-testing	/home/travis/Arduino/hardware/MegaCore/avr/libraries/EEPROM/examples/eeprom_iteration/eeprom_iteration.ino	MegaCore:avr:128:BOD=disabled,LTO=Os,clock=18_432MHz_external	1.6.12	676	9	5	false	0	0		0	
2017-06-22 11:34:47	33	33.69	https://travis-ci.org/MCUdude/MegaCore/jobs/245658821	push	false	false	master	afd19c2bc5c8732cc8f9bf1134a2bea5052387df	b4b9a90ae7e5...afd19c2bc5c8	Merge pull request #56 from per1234/library-testing	/home/travis/Arduino/hardware/MegaCore/avr/libraries/EEPROM/examples/eeprom_read/eeprom_read.ino	MegaCore:avr:128:BOD=disabled,LTO=Os,clock=18_432MHz_external	1.6.12	2452	203	3	false	0	0		0	
2017-06-22 11:34:50	33	33.69	https://travis-ci.org/MCUdude/MegaCore/jobs/245658821	push	false	false	master	afd19c2bc5c8732cc8f9bf1134a2bea5052387df	b4b9a90ae7e5...afd19c2bc5c8	Merge pull request #56 from per1234/library-testing	/home/travis/Arduino/hardware/MegaCore/avr/libraries/EEPROM/examples/eeprom_put/eeprom_put.ino	MegaCore:avr:128:BOD=disabled,LTO=Os,clock=18_432MHz_external	1.6.13	2184	340	2	false	0	0		0	
2017-06-22 11:34:54	33	33.69	https://travis-ci.org/MCUdude/MegaCore/jobs/245658821	push	false	false	master	afd19c2bc5c8732cc8f9bf1134a2bea5052387df	b4b9a90ae7e5...afd19c2bc5c8	Merge pull request #56 from per1234/library-testing	/home/travis/Arduino/hardware/MegaCore/avr/libraries/EEPROM/examples/eeprom_crc/eeprom_crc.ino	MegaCore:avr:128:BOD=disabled,LTO=Os,clock=18_432MHz_external	1.6.13	2462	310	3	false	0	0		0	
2017-06-22 11:34:57	33	33.69	https://travis-ci.org/MCUdude/MegaCore/jobs/245658821	push	false	false	master	afd19c2bc5c8732cc8f9bf1134a2bea5052387df	b4b9a90ae7e5...afd19c2bc5c8	Merge pull request #56 from per1234/library-testing	/home/travis/Arduino/hardware/MegaCore/avr/libraries/EEPROM/examples/eeprom_write/eeprom_write.ino	MegaCore:avr:128:BOD=disabled,LTO=Os,clock=18_432MHz_external	1.6.13	882	13	3	false	0	0		0	
2017-06-22 11:35:00	33	33.69	https://travis-ci.org/MCUdude/MegaCore/jobs/245658821	push	false	false	master	afd19c2bc5c8732cc8f9bf1134a2bea5052387df	b4b9a90ae7e5...afd19c2bc5c8	Merge pull request #56 from per1234/library-testing	/home/travis/Arduino/hardware/MegaCore/avr/libraries/EEPROM/examples/eeprom_update/eeprom_update.ino	MegaCore:avr:128:BOD=disabled,LTO=Os,clock=18_432MHz_external	1.6.13	932	13	3	false	0	0		0	
2017-06-22 11:35:04	33	33.69	https://travis-ci.org/MCUdude/MegaCore/jobs/245658821	push	false	false	master	afd19c2bc5c8732cc8f9bf1134a2bea5052387df	b4b9a90ae7e5...afd19c2bc5c8	Merge pull request #56 from per1234/library-testing	/home/travis/Arduino/hardware/MegaCore/avr/libraries/EEPROM/examples/eeprom_get/eeprom_get.ino	MegaCore:avr:128:BOD=disabled,LTO=Os,clock=18_432MHz_external	1.6.13	3940	256	2	false	0	0		0	
2017-06-22 11:35:07	33	33.69	https://travis-ci.org/MCUdude/MegaCore/jobs/245658821	push	false	false	master	afd19c2bc5c8732cc8f9bf1134a2bea5052387df	b4b9a90ae7e5...afd19c2bc5c8	Merge pull request #56 from per1234/library-testing	/home/travis/Arduino/hardware/MegaCore/avr/libraries/EEPROM/examples/eeprom_clear/eeprom_clear.ino	MegaCore:avr:128:BOD=disabled,LTO=Os,clock=18_432MHz_external	1.6.13	916	9	3	false	0	0		0	
2017-06-22 11:35:11	33	33.69	https://travis-ci.org/MCUdude/MegaCore/jobs/245658821	push	false	false	master	afd19c2bc5c8732cc8f9bf1134a2bea5052387df	b4b9a90ae7e5...afd19c2bc5c8	Merge pull request #56 from per1234/library-testing	/home/travis/Arduino/hardware/MegaCore/avr/libraries/EEPROM/examples/eeprom_iteration/eeprom_iteration.ino	MegaCore:avr:128:BOD=disabled,LTO=Os,clock=18_432MHz_external	1.6.13	676	9	5	false	0	0		0	
2017-06-22 11:35:14	33	33.69	https://travis-ci.org/MCUdude/MegaCore/jobs/245658821	push	false	false	master	afd19c2bc5c8732cc8f9bf1134a2bea5052387df	b4b9a90ae7e5...afd19c2bc5c8	Merge pull request #56 from per1234/library-testing	/home/travis/Arduino/hardware/MegaCore/avr/libraries/EEPROM/examples/eeprom_read/eeprom_read.ino	MegaCore:avr:128:BOD=disabled,LTO=Os,clock=18_432MHz_external	1.6.13	2452	203	3	false	0	0		0	
2017-06-22 11:35:20	33	33.69	https://travis-ci.org/MCUdude/MegaCore/jobs/245658821	push	false	false	master	afd19c2bc5c8732cc8f9bf1134a2bea5052387df	b4b9a90ae7e5...afd19c2bc5c8	Merge pull request #56 from per1234/library-testing	/home/travis/Arduino/hardware/MegaCore/avr/libraries/EEPROM/examples/eeprom_put/eeprom_put.ino	MegaCore:avr:128:BOD=disabled,LTO=Os,clock=18_432MHz_external	1.8.0	2184	340	2	false	0	0		0	
2017-06-22 11:35:23	33	33.69	https://travis-ci.org/MCUdude/MegaCore/jobs/245658821	push	false	false	master	afd19c2bc5c8732cc8f9bf1134a2bea5052387df	b4b9a90ae7e5...afd19c2bc5c8	Merge pull request #56 from per1234/library-testing	/home/travis/Arduino/hardware/MegaCore/avr/libraries/EEPROM/examples/eeprom_crc/eeprom_crc.ino	MegaCore:avr:128:BOD=disabled,LTO=Os,clock=18_432MHz_external	1.8.0	2462	310	3	false	0	0		0	
2017-06-22 11:35:27	33	33.69	https://travis-ci.org/MCUdude/MegaCore/jobs/245658821	push	false	false	master	afd19c2bc5c8732cc8f9bf1134a2bea5052387df	b4b9a90ae7e5...afd19c2bc5c8	Merge pull request #56 from per1234/library-testing	/home/travis/Arduino/hardware/MegaCore/avr/libraries/EEPROM/examples/eeprom_write/eeprom_write.ino	MegaCore:avr:128:BOD=disabled,LTO=Os,clock=18_432MHz_external	1.8.0	882	13	3	false	0	0		0	
2017-06-22 11:35:30	33	33.69	https://travis-ci.org/MCUdude/MegaCore/jobs/245658821	push	false	false	master	afd19c2bc5c8732cc8f9bf1134a2bea5052387df	b4b9a90ae7e5...afd19c2bc5c8	Merge pull request #56 from per1234/library-testing	/home/travis/Arduino/hardware/MegaCore/avr/libraries/EEPROM/examples/eeprom_update/eeprom_update.ino	MegaCore:avr:128:BOD=disabled,LTO=Os,clock=18_432MHz_external	1.8.0	932	13	3	false	0	0		0	
2017-06-22 11:35:34	33	33.69	https://travis-ci.org/MCUdude/MegaCore/jobs/245658821	push	false	false	master	afd19c2bc5c8732cc8f9bf1134a2bea5052387df	b4b9a90ae7e5...afd19c2bc5c8	Merge pull request #56 from per1234/library-testing	/home/travis/Arduino/hardware/MegaCore/avr/libraries/EEPROM/examples/eeprom_get/eeprom_get.ino	MegaCore:avr:128:BOD=disabled,LTO=Os,clock=18_432MHz_external	1.8.0	3940	256	2	false	0	0		0	
2017-06-22 11:35:37	33	33.69	https://travis-ci.org/MCUdude/MegaCore/jobs/245658821	push	false	false	master	afd19c2bc5c8732cc8f9bf1134a2bea5052387df	b4b9a90ae7e5...afd19c2bc5c8	Merge pull request #56 from per1234/library-testing	/home/travis/Arduino/hardware/MegaCore/avr/libraries/EEPROM/examples/eeprom_clear/eeprom_clear.ino	MegaCore:avr:128:BOD=disabled,LTO=Os,clock=18_432MHz_external	1.8.0	916	9	3	false	0	0		0	
2017-06-22 11:35:41	33	33.69	https://travis-ci.org/MCUdude/MegaCore/jobs/245658821	push	false	false	master	afd19c2bc5c8732cc8f9bf1134a2bea5052387df	b4b9a90ae7e5...afd19c2bc5c8	Merge pull request #56 from per1234/library-testing	/home/travis/Arduino/hardware/MegaCore/avr/libraries/EEPROM/examples/eeprom_iteration/eeprom_iteration.ino	MegaCore:avr:128:BOD=disabled,LTO=Os,clock=18_432MHz_external	1.8.0	676	9	5	false	0	0		0	
2017-06-22 11:35:44	33	33.69	https://travis-ci.org/MCUdude/MegaCore/jobs/245658821	push	false	false	master	afd19c2bc5c8732cc8f9bf1134a2bea5052387df	b4b9a90ae7e5...afd19c2bc5c8	Merge pull request #56 from per1234/library-testing	/home/travis/Arduino/hardware/MegaCore/avr/libraries/EEPROM/examples/eeprom_read/eeprom_read.ino	MegaCore:avr:128:BOD=disabled,LTO=Os,clock=18_432MHz_external	1.8.0	2452	203	3	false	0	0		0	
2017-06-22 11:35:50	33	33.69	https://travis-ci.org/MCUdude/MegaCore/jobs/245658821	push	false	false	master	afd19c2bc5c8732cc8f9bf1134a2bea5052387df	b4b9a90ae7e5...afd19c2bc5c8	Merge pull request #56 from per1234/library-testing	/home/travis/Arduino/hardware/MegaCore/avr/libraries/EEPROM/examples/eeprom_put/eeprom_put.ino	MegaCore:avr:128:BOD=disabled,LTO=Os,clock=18_432MHz_external	1.8.1	2184	340	2	false	0	0		0	
2017-06-22 11:35:53	33	33.69	https://travis-ci.org/MCUdude/MegaCore/jobs/245658821	push	false	false	master	afd19c2bc5c8732cc8f9bf1134a2bea5052387df	b4b9a90ae7e5...afd19c2bc5c8	Merge pull request #56 from per1234/library-testing	/home/travis/Arduino/hardware/MegaCore/avr/libraries/EEPROM/examples/eeprom_crc/eeprom_crc.ino	MegaCore:avr:128:BOD=disabled,LTO=Os,clock=18_432MHz_external	1.8.1	2462	310	3	false	0	0		0	
2017-06-22 11:35:57	33	33.69	https://travis-ci.org/MCUdude/MegaCore/jobs/245658821	push	false	false	master	afd19c2bc5c8732cc8f9bf1134a2bea5052387df	b4b9a90ae7e5...afd19c2bc5c8	Merge pull request #56 from per1234/library-testing	/home/travis/Arduino/hardware/MegaCore/avr/libraries/EEPROM/examples/eeprom_write/eeprom_write.ino	MegaCore:avr:128:BOD=disabled,LTO=Os,clock=18_432MHz_external	1.8.1	882	13	3	false	0	0		0	
2017-06-22 11:36:00	33	33.69	https://travis-ci.org/MCUdude/MegaCore/jobs/245658821	push	false	false	master	afd19c2bc5c8732cc8f9bf1134a2bea5052387df	b4b9a90ae7e5...afd19c2bc5c8	Merge pull request #56 from per1234/library-testing	/home/travis/Arduino/hardware/MegaCore/avr/libraries/EEPROM/examples/eeprom_update/eeprom_update.ino	MegaCore:avr:128:BOD=disabled,LTO=Os,clock=18_432MHz_external	1.8.1	932	13	3	false	0	0		0	
2017-06-22 11:36:04	33	33.69	https://travis-ci.org/MCUdude/MegaCore/jobs/245658821	push	false	false	master	afd19c2bc5c8732cc8f9bf1134a2bea5052387df	b4b9a90ae7e5...afd19c2bc5c8	Merge pull request #56 from per1234/library-testing	/home/travis/Arduino/hardware/MegaCore/avr/libraries/EEPROM/examples/eeprom_get/eeprom_get.ino	MegaCore:avr:128:BOD=disabled,LTO=Os,clock=18_432MHz_external	1.8.1	3940	256	2	false	0	0		0	
2017-06-22 11:36:07	33	33.69	https://travis-ci.org/MCUdude/MegaCore/jobs/245658821	push	false	false	master	afd19c2bc5c8732cc8f9bf1134a2bea5052387df	b4b9a90ae7e5...afd19c2bc5c8	Merge pull request #56 from per1234/library-testing	/home/travis/Arduino/hardware/MegaCore/avr/libraries/EEPROM/examples/eeprom_clear/eeprom_clear.ino	MegaCore:avr:128:BOD=disabled,LTO=Os,clock=18_432MHz_external	1.8.1	916	9	3	false	0	0		0	
2017-06-22 11:36:10	33	33.69	https://travis-ci.org/MCUdude/MegaCore/jobs/245658821	push	false	false	master	afd19c2bc5c8732cc8f9bf1134a2bea5052387df	b4b9a90ae7e5...afd19c2bc5c8	Merge pull request #56 from per1234/library-testing	/home/travis/Arduino/hardware/MegaCore/avr/libraries/EEPROM/examples/eeprom_iteration/eeprom_iteration.ino	MegaCore:avr:128:BOD=disabled,LTO=Os,clock=18_432MHz_external	1.8.1	676	9	5	false	0	0		0	
2017-06-22 11:36:14	33	33.69	https://travis-ci.org/MCUdude/MegaCore/jobs/245658821	push	false	false	master	afd19c2bc5c8732cc8f9bf1134a2bea5052387df	b4b9a90ae7e5...afd19c2bc5c8	Merge pull request #56 from per1234/library-testing	/home/travis/Arduino/hardware/MegaCore/avr/libraries/EEPROM/examples/eeprom_read/eeprom_read.ino	MegaCore:avr:128:BOD=disabled,LTO=Os,clock=18_432MHz_external	1.8.1	2452	203	3	false	0	0		0	
2017-06-22 11:36:20	33	33.69	https://travis-ci.org/MCUdude/MegaCore/jobs/245658821	push	false	false	master	afd19c2bc5c8732cc8f9bf1134a2bea5052387df	b4b9a90ae7e5...afd19c2bc5c8	Merge pull request #56 from per1234/library-testing	/home/travis/Arduino/hardware/MegaCore/avr/libraries/EEPROM/examples/eeprom_put/eeprom_put.ino	MegaCore:avr:128:BOD=disabled,LTO=Os,clock=18_432MHz_external	1.8.2	2184	340	2	false	0	0		0	
2017-06-22 11:36:23	33	33.69	https://travis-ci.org/MCUdude/MegaCore/jobs/245658821	push	false	false	master	afd19c2bc5c8732cc8f9bf1134a2bea5052387df	b4b9a90ae7e5...afd19c2bc5c8	Merge pull request #56 from per1234/library-testing	/home/travis/Arduino/hardware/MegaCore/avr/libraries/EEPROM/examples/eeprom_crc/eeprom_crc.ino	MegaCore:avr:128:BOD=disabled,LTO=Os,clock=18_432MHz_external	1.8.2	2462	310	3	false	0	0		0	
2017-06-22 11:36:26	33	33.69	https://travis-ci.org/MCUdude/MegaCore/jobs/245658821	push	false	false	master	afd19c2bc5c8732cc8f9bf1134a2bea5052387df	b4b9a90ae7e5...afd19c2bc5c8	Merge pull request #56 from per1234/library-testing	/home/travis/Arduino/hardware/MegaCore/avr/libraries/EEPROM/examples/eeprom_write/eeprom_write.ino	MegaCore:avr:128:BOD=disabled,LTO=Os,clock=18_432MHz_external	1.8.2	882	13	3	false	0	0		0	
2017-06-22 11:36:30	33	33.69	https://travis-ci.org/MCUdude/MegaCore/jobs/245658821	push	false	false	master	afd19c2bc5c8732cc8f9bf1134a2bea5052387df	b4b9a90ae7e5...afd19c2bc5c8	Merge pull request #56 from per1234/library-testing	/home/travis/Arduino/hardware/MegaCore/avr/libraries/EEPROM/examples/eeprom_update/eeprom_update.ino	MegaCore:avr:128:BOD=disabled,LTO=Os,clock=18_432MHz_external	1.8.2	932	13	3	false	0	0		0	
2017-06-22 11:36:33	33	33.69	https://travis-ci.org/MCUdude/MegaCore/jobs/245658821	push	false	false	master	afd19c2bc5c8732cc8f9bf1134a2bea5052387df	b4b9a90ae7e5...afd19c2bc5c8	Merge pull request #56 from per1234/library-testing	/home/travis/Arduino/hardware/MegaCore/avr/libraries/EEPROM/examples/eeprom_get/eeprom_get.ino	MegaCore:avr:128:BOD=disabled,LTO=Os,clock=18_432MHz_external	1.8.2	3940	256	2	false	0	0		0	
2017-06-22 11:36:37	33	33.69	https://travis-ci.org/MCUdude/MegaCore/jobs/245658821	push	false	false	master	afd19c2bc5c8732cc8f9bf1134a2bea5052387df	b4b9a90ae7e5...afd19c2bc5c8	Merge pull request #56 from per1234/library-testing	/home/travis/Arduino/hardware/MegaCore/avr/libraries/EEPROM/examples/eeprom_clear/eeprom_clear.ino	MegaCore:avr:128:BOD=disabled,LTO=Os,clock=18_432MHz_external	1.8.2	916	9	3	false	0	0		0	
2017-06-22 11:36:40	33	33.69	https://travis-ci.org/MCUdude/MegaCore/jobs/245658821	push	false	false	master	afd19c2bc5c8732cc8f9bf1134a2bea5052387df	b4b9a90ae7e5...afd19c2bc5c8	Merge pull request #56 from per1234/library-testing	/home/travis/Arduino/hardware/MegaCore/avr/libraries/EEPROM/examples/eeprom_iteration/eeprom_iteration.ino	MegaCore:avr:128:BOD=disabled,LTO=Os,clock=18_432MHz_external	1.8.2	676	9	5	false	0	0		0	
2017-06-22 11:36:44	33	33.69	https://travis-ci.org/MCUdude/MegaCore/jobs/245658821	push	false	false	master	afd19c2bc5c8732cc8f9bf1134a2bea5052387df	b4b9a90ae7e5...afd19c2bc5c8	Merge pull request #56 from per1234/library-testing	/home/travis/Arduino/hardware/MegaCore/avr/libraries/EEPROM/examples/eeprom_read/eeprom_read.ino	MegaCore:avr:128:BOD=disabled,LTO=Os,clock=18_432MHz_external	1.8.2	2452	203	3	false	0	0		0	
2017-06-22 11:36:50	33	33.69	https://travis-ci.org/MCUdude/MegaCore/jobs/245658821	push	false	false	master	afd19c2bc5c8732cc8f9bf1134a2bea5052387df	b4b9a90ae7e5...afd19c2bc5c8	Merge pull request #56 from per1234/library-testing	/home/travis/Arduino/hardware/MegaCore/avr/libraries/EEPROM/examples/eeprom_put/eeprom_put.ino	MegaCore:avr:128:BOD=disabled,LTO=Os,clock=18_432MHz_external	1.8.3	2184	340	2	false	0	0		0	
2017-06-22 11:36:53	33	33.69	https://travis-ci.org/MCUdude/MegaCore/jobs/245658821	push	false	false	master	afd19c2bc5c8732cc8f9bf1134a2bea5052387df	b4b9a90ae7e5...afd19c2bc5c8	Merge pull request #56 from per1234/library-testing	/home/travis/Arduino/hardware/MegaCore/avr/libraries/EEPROM/examples/eeprom_crc/eeprom_crc.ino	MegaCore:avr:128:BOD=disabled,LTO=Os,clock=18_432MHz_external	1.8.3	2462	310	3	false	0	0		0	
2017-06-22 11:36:57	33	33.69	https://travis-ci.org/MCUdude/MegaCore/jobs/245658821	push	false	false	master	afd19c2bc5c8732cc8f9bf1134a2bea5052387df	b4b9a90ae7e5...afd19c2bc5c8	Merge pull request #56 from per1234/library-testing	/home/travis/Arduino/hardware/MegaCore/avr/libraries/EEPROM/examples/eeprom_write/eeprom_write.ino	MegaCore:avr:128:BOD=disabled,LTO=Os,clock=18_432MHz_external	1.8.3	882	13	3	false	0	0		0	
2017-06-22 11:37:00	33	33.69	https://travis-ci.org/MCUdude/MegaCore/jobs/245658821	push	false	false	master	afd19c2bc5c8732cc8f9bf1134a2bea5052387df	b4b9a90ae7e5...afd19c2bc5c8	Merge pull request #56 from per1234/library-testing	/home/travis/Arduino/hardware/MegaCore/avr/libraries/EEPROM/examples/eeprom_update/eeprom_update.ino	MegaCore:avr:128:BOD=disabled,LTO=Os,clock=18_432MHz_external	1.8.3	932	13	3	false	0	0		0	
2017-06-22 11:37:04	33	33.69	https://travis-ci.org/MCUdude/MegaCore/jobs/245658821	push	false	false	master	afd19c2bc5c8732cc8f9bf1134a2bea5052387df	b4b9a90ae7e5...afd19c2bc5c8	Merge pull request #56 from per1234/library-testing	/home/travis/Arduino/hardware/MegaCore/avr/libraries/EEPROM/examples/eeprom_get/eeprom_get.ino	MegaCore:avr:128:BOD=disabled,LTO=Os,clock=18_432MHz_external	1.8.3	3940	256	2	false	0	0		0	
2017-06-22 11:37:07	33	33.69	https://travis-ci.org/MCUdude/MegaCore/jobs/245658821	push	false	false	master	afd19c2bc5c8732cc8f9bf1134a2bea5052387df	b4b9a90ae7e5...afd19c2bc5c8	Merge pull request #56 from per1234/library-testing	/home/travis/Arduino/hardware/MegaCore/avr/libraries/EEPROM/examples/eeprom_clear/eeprom_clear.ino	MegaCore:avr:128:BOD=disabled,LTO=Os,clock=18_432MHz_external	1.8.3	916	9	3	false	0	0		0	
2017-06-22 11:37:11	33	33.69	https://travis-ci.org/MCUdude/MegaCore/jobs/245658821	push	false	false	master	afd19c2bc5c8732cc8f9bf1134a2bea5052387df	b4b9a90ae7e5...afd19c2bc5c8	Merge pull request #56 from per1234/library-testing	/home/travis/Arduino/hardware/MegaCore/avr/libraries/EEPROM/examples/eeprom_iteration/eeprom_iteration.ino	MegaCore:avr:128:BOD=disabled,LTO=Os,clock=18_432MHz_external	1.8.3	676	9	5	false	0	0		0	
2017-06-22 11:37:14	33	33.69	https://travis-ci.org/MCUdude/MegaCore/jobs/245658821	push	false	false	master	afd19c2bc5c8732cc8f9bf1134a2bea5052387df	b4b9a90ae7e5...afd19c2bc5c8	Merge pull request #56 from per1234/library-testing	/home/travis/Arduino/hardware/MegaCore/avr/libraries/EEPROM/examples/eeprom_read/eeprom_read.ino	MegaCore:avr:128:BOD=disabled,LTO=Os,clock=18_432MHz_external	1.8.3	2452	203	3	false	0	0		0	
