Build Timestamp (UTC)	Build	Job	Job URL	Build Trigger	Allow Job Failure	PR#	Branch	Commit	Commit Range	Commit Message	Sketch Filename	Board ID	IDE Version	Program Storage (bytes)	Dynamic Memory (bytes)	# Warnings	Allow Failure	Exit Status	# Board Issues	Board Issue	# Library Issues	Library Issue
2020-06-29 03:11:22	149	149.167	https://travis-ci.org/MCUdude/MegaCore/jobs/702976401	push		false	master	c33c287a1de7916ed5e421af3e0bc9e388d821e0	0c3077bd2f6e...c33c287a1de7	All hardware serial ports may be used to upload	/home/travis/Arduino/hardware/MegaCore/avr/libraries/Ethernet/examples/UDPSendReceiveString/UDPSendReceiveString.ino	MegaCore:avr:can32:bootloader=no_bootloader,BOD=3v9,LTO=Os,clock=12MHz_external	1.6.7	12378	607	0	false	0	0		0	
2020-06-29 03:11:28	149	149.167	https://travis-ci.org/MCUdude/MegaCore/jobs/702976401	push		false	master	c33c287a1de7916ed5e421af3e0bc9e388d821e0	0c3077bd2f6e...c33c287a1de7	All hardware serial ports may be used to upload	/home/travis/Arduino/hardware/MegaCore/avr/libraries/Ethernet/examples/TwitterClient/TwitterClient.ino	MegaCore:avr:can32:bootloader=no_bootloader,BOD=3v9,LTO=Os,clock=12MHz_external	1.6.7	19650	876	0	false	0	0		0	
2020-06-29 03:11:47	149	149.167	https://travis-ci.org/MCUdude/MegaCore/jobs/702976401	push		false	master	c33c287a1de7916ed5e421af3e0bc9e388d821e0	0c3077bd2f6e...c33c287a1de7	All hardware serial ports may be used to upload	/home/travis/Arduino/hardware/MegaCore/avr/libraries/Ethernet/examples/WebClientRepeating/WebClientRepeating.ino	MegaCore:avr:can32:bootloader=no_bootloader,BOD=3v9,LTO=Os,clock=12MHz_external	1.6.7	17954	921	0	false	0	0		0	
2020-06-29 03:11:53	149	149.167	https://travis-ci.org/MCUdude/MegaCore/jobs/702976401	push		false	master	c33c287a1de7916ed5e421af3e0bc9e388d821e0	0c3077bd2f6e...c33c287a1de7	All hardware serial ports may be used to upload	/home/travis/Arduino/hardware/MegaCore/avr/libraries/Ethernet/examples/UdpNtpClient/UdpNtpClient.ino	MegaCore:avr:can32:bootloader=no_bootloader,BOD=3v9,LTO=Os,clock=12MHz_external	1.6.7	15698	787	0	false	0	0		0	
2020-06-29 03:11:58	149	149.167	https://travis-ci.org/MCUdude/MegaCore/jobs/702976401	push		false	master	c33c287a1de7916ed5e421af3e0bc9e388d821e0	0c3077bd2f6e...c33c287a1de7	All hardware serial ports may be used to upload	/home/travis/Arduino/hardware/MegaCore/avr/libraries/Ethernet/examples/WebClient/WebClient.ino	MegaCore:avr:can32:bootloader=no_bootloader,BOD=3v9,LTO=Os,clock=12MHz_external	1.6.7	19946	971	0	false	0	0		0	
2020-06-29 03:12:04	149	149.167	https://travis-ci.org/MCUdude/MegaCore/jobs/702976401	push		false	master	c33c287a1de7916ed5e421af3e0bc9e388d821e0	0c3077bd2f6e...c33c287a1de7	All hardware serial ports may be used to upload	/home/travis/Arduino/hardware/MegaCore/avr/libraries/Ethernet/examples/ChatServer/ChatServer.ino	MegaCore:avr:can32:bootloader=no_bootloader,BOD=3v9,LTO=Os,clock=12MHz_external	1.6.7	14634	637	0	false	0	0		0	
2020-06-29 03:12:09	149	149.167	https://travis-ci.org/MCUdude/MegaCore/jobs/702976401	push		false	master	c33c287a1de7916ed5e421af3e0bc9e388d821e0	0c3077bd2f6e...c33c287a1de7	All hardware serial ports may be used to upload	/home/travis/Arduino/hardware/MegaCore/avr/libraries/Ethernet/examples/DhcpAddressPrinter/DhcpAddressPrinter.ino	MegaCore:avr:can32:bootloader=no_bootloader,BOD=3v9,LTO=Os,clock=12MHz_external	1.6.7	15394	754	0	false	0	0		0	
2020-06-29 03:12:14	149	149.167	https://travis-ci.org/MCUdude/MegaCore/jobs/702976401	push		false	master	c33c287a1de7916ed5e421af3e0bc9e388d821e0	0c3077bd2f6e...c33c287a1de7	All hardware serial ports may be used to upload	/home/travis/Arduino/hardware/MegaCore/avr/libraries/Ethernet/examples/XivelyClient/XivelyClient.ino	MegaCore:avr:can32:bootloader=no_bootloader,BOD=3v9,LTO=Os,clock=12MHz_external	1.6.7	18272	836	0	false	0	0		0	
2020-06-29 03:12:20	149	149.167	https://travis-ci.org/MCUdude/MegaCore/jobs/702976401	push		false	master	c33c287a1de7916ed5e421af3e0bc9e388d821e0	0c3077bd2f6e...c33c287a1de7	All hardware serial ports may be used to upload	/home/travis/Arduino/hardware/MegaCore/avr/libraries/Ethernet/examples/XivelyClientString/XivelyClientString.ino	MegaCore:avr:can32:bootloader=no_bootloader,BOD=3v9,LTO=Os,clock=12MHz_external	1.6.7	20104	856	0	false	0	0		0	
2020-06-29 03:12:25	149	149.167	https://travis-ci.org/MCUdude/MegaCore/jobs/702976401	push		false	master	c33c287a1de7916ed5e421af3e0bc9e388d821e0	0c3077bd2f6e...c33c287a1de7	All hardware serial ports may be used to upload	/home/travis/Arduino/hardware/MegaCore/avr/libraries/Ethernet/examples/LinkStatus/LinkStatus.ino	MegaCore:avr:can32:bootloader=no_bootloader,BOD=3v9,LTO=Os,clock=12MHz_external	1.6.7	5286	316	0	false	0	0		0	
2020-06-29 03:12:31	149	149.167	https://travis-ci.org/MCUdude/MegaCore/jobs/702976401	push		false	master	c33c287a1de7916ed5e421af3e0bc9e388d821e0	0c3077bd2f6e...c33c287a1de7	All hardware serial ports may be used to upload	/home/travis/Arduino/hardware/MegaCore/avr/libraries/Ethernet/examples/BarometricPressureWebServer/BarometricPressureWebServer.ino	MegaCore:avr:can32:bootloader=no_bootloader,BOD=3v9,LTO=Os,clock=12MHz_external	1.6.7	19128	698	2	false	0	0		0	
2020-06-29 03:12:36	149	149.167	https://travis-ci.org/MCUdude/MegaCore/jobs/702976401	push		false	master	c33c287a1de7916ed5e421af3e0bc9e388d821e0	0c3077bd2f6e...c33c287a1de7	All hardware serial ports may be used to upload	/home/travis/Arduino/hardware/MegaCore/avr/libraries/Ethernet/examples/DhcpChatServer/DhcpChatServer.ino	MegaCore:avr:can32:bootloader=no_bootloader,BOD=3v9,LTO=Os,clock=12MHz_external	1.6.7	18676	821	0	false	0	0		0	
2020-06-29 03:12:41	149	149.167	https://travis-ci.org/MCUdude/MegaCore/jobs/702976401	push		false	master	c33c287a1de7916ed5e421af3e0bc9e388d821e0	0c3077bd2f6e...c33c287a1de7	All hardware serial ports may be used to upload	/home/travis/Arduino/hardware/MegaCore/avr/libraries/Ethernet/examples/WebServer/WebServer.ino	MegaCore:avr:can32:bootloader=no_bootloader,BOD=3v9,LTO=Os,clock=12MHz_external	1.6.7	15586	760	0	false	0	0		0	
2020-06-29 03:12:46	149	149.167	https://travis-ci.org/MCUdude/MegaCore/jobs/702976401	push		false	master	c33c287a1de7916ed5e421af3e0bc9e388d821e0	0c3077bd2f6e...c33c287a1de7	All hardware serial ports may be used to upload	/home/travis/Arduino/hardware/MegaCore/avr/libraries/Ethernet/examples/TelnetClient/TelnetClient.ino	MegaCore:avr:can32:bootloader=no_bootloader,BOD=3v9,LTO=Os,clock=12MHz_external	1.6.7	14228	617	0	false	0	0		0	
2020-06-29 03:12:51	149	149.167	https://travis-ci.org/MCUdude/MegaCore/jobs/702976401	push		false	master	c33c287a1de7916ed5e421af3e0bc9e388d821e0	0c3077bd2f6e...c33c287a1de7	All hardware serial ports may be used to upload	/home/travis/Arduino/hardware/MegaCore/avr/libraries/Ethernet/examples/PachubeClient/PachubeClient.ino	MegaCore:avr:can32:bootloader=no_bootloader,BOD=3v9,LTO=Os,clock=12MHz_external	1.6.7	18274	838	0	false	0	0		0	
2020-06-29 03:12:57	149	149.167	https://travis-ci.org/MCUdude/MegaCore/jobs/702976401	push		false	master	c33c287a1de7916ed5e421af3e0bc9e388d821e0	0c3077bd2f6e...c33c287a1de7	All hardware serial ports may be used to upload	/home/travis/Arduino/hardware/MegaCore/avr/libraries/Ethernet/examples/PachubeClientString/PachubeClientString.ino	MegaCore:avr:can32:bootloader=no_bootloader,BOD=3v9,LTO=Os,clock=12MHz_external	1.6.7	20106	858	0	false	0	0		0	
2020-06-29 03:13:02	149	149.167	https://travis-ci.org/MCUdude/MegaCore/jobs/702976401	push		false	master	c33c287a1de7916ed5e421af3e0bc9e388d821e0	0c3077bd2f6e...c33c287a1de7	All hardware serial ports may be used to upload	/home/travis/Arduino/hardware/MegaCore/avr/libraries/Ethernet/examples/AdvancedChatServer/AdvancedChatServer.ino	MegaCore:avr:can32:bootloader=no_bootloader,BOD=3v9,LTO=Os,clock=12MHz_external	1.6.7	15376	786	0	false	0	0		0	
2020-06-29 03:13:06	149	149.167	https://travis-ci.org/MCUdude/MegaCore/jobs/702976401	push		false	master	c33c287a1de7916ed5e421af3e0bc9e388d821e0	0c3077bd2f6e...c33c287a1de7	All hardware serial ports may be used to upload	/home/travis/Arduino/hardware/MegaCore/avr/libraries/AVR_examples/examples/Blink_using_Timer0/Blink_using_Timer0.ino	MegaCore:avr:can32:bootloader=no_bootloader,BOD=3v9,LTO=Os,clock=12MHz_external	1.6.7	286	3	0	false	0	0		0	
2020-06-29 03:13:10	149	149.167	https://travis-ci.org/MCUdude/MegaCore/jobs/702976401	push		false	master	c33c287a1de7916ed5e421af3e0bc9e388d821e0	0c3077bd2f6e...c33c287a1de7	All hardware serial ports may be used to upload	/home/travis/Arduino/hardware/MegaCore/avr/libraries/AVR_examples/examples/Read_port_write_port/Read_port_write_port.ino	MegaCore:avr:can32:bootloader=no_bootloader,BOD=3v9,LTO=Os,clock=12MHz_external	1.6.7	188	0	0	false	0	0		0	
2020-06-29 03:13:15	149	149.167	https://travis-ci.org/MCUdude/MegaCore/jobs/702976401	push		false	master	c33c287a1de7916ed5e421af3e0bc9e388d821e0	0c3077bd2f6e...c33c287a1de7	All hardware serial ports may be used to upload	/home/travis/Arduino/hardware/MegaCore/avr/libraries/AVR_examples/examples/Measure_period_length/Measure_period_length.ino	MegaCore:avr:can32:bootloader=no_bootloader,BOD=3v9,LTO=Os,clock=12MHz_external	1.6.7	1944	202	0	false	0	0		0	
2020-06-29 03:13:19	149	149.167	https://travis-ci.org/MCUdude/MegaCore/jobs/702976401	push		false	master	c33c287a1de7916ed5e421af3e0bc9e388d821e0	0c3077bd2f6e...c33c287a1de7	All hardware serial ports may be used to upload	/home/travis/Arduino/hardware/MegaCore/avr/libraries/AVR_examples/examples/Watch_dog_timer/Watch_dog_timer.ino	MegaCore:avr:can32:bootloader=no_bootloader,BOD=3v9,LTO=Os,clock=12MHz_external	1.6.7	280	2	0	false	0	0		0	
2020-06-29 03:13:23	149	149.167	https://travis-ci.org/MCUdude/MegaCore/jobs/702976401	push		false	master	c33c287a1de7916ed5e421af3e0bc9e388d821e0	0c3077bd2f6e...c33c287a1de7	All hardware serial ports may be used to upload	/home/travis/Arduino/hardware/MegaCore/avr/libraries/AVR_examples/examples/Blink/Blink.ino	MegaCore:avr:can32:bootloader=no_bootloader,BOD=3v9,LTO=Os,clock=12MHz_external	1.6.7	220	0	0	false	0	0		0	
2020-06-29 03:13:28	149	149.167	https://travis-ci.org/MCUdude/MegaCore/jobs/702976401	push		false	master	c33c287a1de7916ed5e421af3e0bc9e388d821e0	0c3077bd2f6e...c33c287a1de7	All hardware serial ports may be used to upload	/home/travis/Arduino/hardware/MegaCore/avr/libraries/SD/examples/Datalogger/Datalogger.ino	MegaCore:avr:can32:bootloader=no_bootloader,BOD=3v9,LTO=Os,clock=12MHz_external	1.6.7	14276	945	5	false	0	0		0	
2020-06-29 03:13:33	149	149.167	https://travis-ci.org/MCUdude/MegaCore/jobs/702976401	push		false	master	c33c287a1de7916ed5e421af3e0bc9e388d821e0	0c3077bd2f6e...c33c287a1de7	All hardware serial ports may be used to upload	/home/travis/Arduino/hardware/MegaCore/avr/libraries/SD/examples/CardInfo/CardInfo.ino	MegaCore:avr:can32:bootloader=no_bootloader,BOD=3v9,LTO=Os,clock=12MHz_external	1.6.7	11750	1370	5	false	0	0		0	
2020-06-29 03:13:38	149	149.167	https://travis-ci.org/MCUdude/MegaCore/jobs/702976401	push		false	master	c33c287a1de7916ed5e421af3e0bc9e388d821e0	0c3077bd2f6e...c33c287a1de7	All hardware serial ports may be used to upload	/home/travis/Arduino/hardware/MegaCore/avr/libraries/SD/examples/ReadWrite/ReadWrite.ino	MegaCore:avr:can32:bootloader=no_bootloader,BOD=3v9,LTO=Os,clock=12MHz_external	1.6.7	13180	1014	5	false	0	0		0	
2020-06-29 03:13:43	149	149.167	https://travis-ci.org/MCUdude/MegaCore/jobs/702976401	push		false	master	c33c287a1de7916ed5e421af3e0bc9e388d821e0	0c3077bd2f6e...c33c287a1de7	All hardware serial ports may be used to upload	/home/travis/Arduino/hardware/MegaCore/avr/libraries/SD/examples/listfiles/listfiles.ino	MegaCore:avr:can32:bootloader=no_bootloader,BOD=3v9,LTO=Os,clock=12MHz_external	1.6.7	13914	950	5	false	0	0		0	
2020-06-29 03:13:49	149	149.167	https://travis-ci.org/MCUdude/MegaCore/jobs/702976401	push		false	master	c33c287a1de7916ed5e421af3e0bc9e388d821e0	0c3077bd2f6e...c33c287a1de7	All hardware serial ports may be used to upload	/home/travis/Arduino/hardware/MegaCore/avr/libraries/SD/examples/DumpFile/DumpFile.ino	MegaCore:avr:can32:bootloader=no_bootloader,BOD=3v9,LTO=Os,clock=12MHz_external	1.6.7	12854	943	5	false	0	0		0	
2020-06-29 03:13:54	149	149.167	https://travis-ci.org/MCUdude/MegaCore/jobs/702976401	push		false	master	c33c287a1de7916ed5e421af3e0bc9e388d821e0	0c3077bd2f6e...c33c287a1de7	All hardware serial ports may be used to upload	/home/travis/Arduino/hardware/MegaCore/avr/libraries/SD/examples/Files/Files.ino	MegaCore:avr:can32:bootloader=no_bootloader,BOD=3v9,LTO=Os,clock=12MHz_external	1.6.7	13770	1048	5	false	0	0		0	
2020-06-29 03:13:58	149	149.167	https://travis-ci.org/MCUdude/MegaCore/jobs/702976401	push		false	master	c33c287a1de7916ed5e421af3e0bc9e388d821e0	0c3077bd2f6e...c33c287a1de7	All hardware serial ports may be used to upload	/home/travis/Arduino/hardware/MegaCore/avr/libraries/SoftwareSerial/examples/SoftwareSerialExample/SoftwareSerialExample.ino	MegaCore:avr:can32:bootloader=no_bootloader,BOD=3v9,LTO=Os,clock=12MHz_external	1.6.7	4804	363	0	false	0	0		0	
2020-06-29 03:14:03	149	149.167	https://travis-ci.org/MCUdude/MegaCore/jobs/702976401	push		false	master	c33c287a1de7916ed5e421af3e0bc9e388d821e0	0c3077bd2f6e...c33c287a1de7	All hardware serial ports may be used to upload	/home/travis/Arduino/hardware/MegaCore/avr/libraries/SoftwareSerial/examples/TwoPortReceive/TwoPortReceive.ino	MegaCore:avr:can32:bootloader=no_bootloader,BOD=3v9,LTO=Os,clock=12MHz_external	1.6.7	4904	404	0	false	0	0		0	
2020-06-29 03:14:07	149	149.167	https://travis-ci.org/MCUdude/MegaCore/jobs/702976401	push		false	master	c33c287a1de7916ed5e421af3e0bc9e388d821e0	0c3077bd2f6e...c33c287a1de7	All hardware serial ports may be used to upload	/home/travis/Arduino/hardware/MegaCore/avr/libraries/Servo/examples/Knob/Knob.ino	MegaCore:avr:can32:bootloader=no_bootloader,BOD=3v9,LTO=Os,clock=12MHz_external	1.6.7	3072	60	0	false	0	0		0	
2020-06-29 03:14:12	149	149.167	https://travis-ci.org/MCUdude/MegaCore/jobs/702976401	push		false	master	c33c287a1de7916ed5e421af3e0bc9e388d821e0	0c3077bd2f6e...c33c287a1de7	All hardware serial ports may be used to upload	/home/travis/Arduino/hardware/MegaCore/avr/libraries/Servo/examples/Sweep/Sweep.ino	MegaCore:avr:can32:bootloader=no_bootloader,BOD=3v9,LTO=Os,clock=12MHz_external	1.6.7	2992	56	0	false	0	0		0	
2020-06-29 03:14:16	149	149.167	https://travis-ci.org/MCUdude/MegaCore/jobs/702976401	push		false	master	c33c287a1de7916ed5e421af3e0bc9e388d821e0	0c3077bd2f6e...c33c287a1de7	All hardware serial ports may be used to upload	/home/travis/Arduino/hardware/MegaCore/avr/libraries/EEPROM/examples/eeprom_get/eeprom_get.ino	MegaCore:avr:can32:bootloader=no_bootloader,BOD=3v9,LTO=Os,clock=12MHz_external	1.6.7	4034	258	0	false	0	0		0	
2020-06-29 03:14:20	149	149.167	https://travis-ci.org/MCUdude/MegaCore/jobs/702976401	push		false	master	c33c287a1de7916ed5e421af3e0bc9e388d821e0	0c3077bd2f6e...c33c287a1de7	All hardware serial ports may be used to upload	/home/travis/Arduino/hardware/MegaCore/avr/libraries/EEPROM/examples/eeprom_crc/eeprom_crc.ino	MegaCore:avr:can32:bootloader=no_bootloader,BOD=3v9,LTO=Os,clock=12MHz_external	1.6.7	2638	312	0	false	0	0		0	
2020-06-29 03:14:24	149	149.167	https://travis-ci.org/MCUdude/MegaCore/jobs/702976401	push		false	master	c33c287a1de7916ed5e421af3e0bc9e388d821e0	0c3077bd2f6e...c33c287a1de7	All hardware serial ports may be used to upload	/home/travis/Arduino/hardware/MegaCore/avr/libraries/EEPROM/examples/eeprom_read/eeprom_read.ino	MegaCore:avr:can32:bootloader=no_bootloader,BOD=3v9,LTO=Os,clock=12MHz_external	1.6.7	2540	205	0	false	0	0		0	
2020-06-29 03:14:29	149	149.167	https://travis-ci.org/MCUdude/MegaCore/jobs/702976401	push		false	master	c33c287a1de7916ed5e421af3e0bc9e388d821e0	0c3077bd2f6e...c33c287a1de7	All hardware serial ports may be used to upload	/home/travis/Arduino/hardware/MegaCore/avr/libraries/EEPROM/examples/eeprom_clear/eeprom_clear.ino	MegaCore:avr:can32:bootloader=no_bootloader,BOD=3v9,LTO=Os,clock=12MHz_external	1.6.7	992	9	0	false	0	0		0	
2020-06-29 03:14:33	149	149.167	https://travis-ci.org/MCUdude/MegaCore/jobs/702976401	push		false	master	c33c287a1de7916ed5e421af3e0bc9e388d821e0	0c3077bd2f6e...c33c287a1de7	All hardware serial ports may be used to upload	/home/travis/Arduino/hardware/MegaCore/avr/libraries/EEPROM/examples/eeprom_write/eeprom_write.ino	MegaCore:avr:can32:bootloader=no_bootloader,BOD=3v9,LTO=Os,clock=12MHz_external	1.6.7	1036	13	0	false	0	0		0	
2020-06-29 03:14:37	149	149.167	https://travis-ci.org/MCUdude/MegaCore/jobs/702976401	push		false	master	c33c287a1de7916ed5e421af3e0bc9e388d821e0	0c3077bd2f6e...c33c287a1de7	All hardware serial ports may be used to upload	/home/travis/Arduino/hardware/MegaCore/avr/libraries/EEPROM/examples/eeprom_iteration/eeprom_iteration.ino	MegaCore:avr:can32:bootloader=no_bootloader,BOD=3v9,LTO=Os,clock=12MHz_external	1.6.7	736	9	0	false	0	0		0	
2020-06-29 03:14:42	149	149.167	https://travis-ci.org/MCUdude/MegaCore/jobs/702976401	push		false	master	c33c287a1de7916ed5e421af3e0bc9e388d821e0	0c3077bd2f6e...c33c287a1de7	All hardware serial ports may be used to upload	/home/travis/Arduino/hardware/MegaCore/avr/libraries/EEPROM/examples/eeprom_update/eeprom_update.ino	MegaCore:avr:can32:bootloader=no_bootloader,BOD=3v9,LTO=Os,clock=12MHz_external	1.6.7	1086	13	0	false	0	0		0	
2020-06-29 03:14:46	149	149.167	https://travis-ci.org/MCUdude/MegaCore/jobs/702976401	push		false	master	c33c287a1de7916ed5e421af3e0bc9e388d821e0	0c3077bd2f6e...c33c287a1de7	All hardware serial ports may be used to upload	/home/travis/Arduino/hardware/MegaCore/avr/libraries/EEPROM/examples/eeprom_put/eeprom_put.ino	MegaCore:avr:can32:bootloader=no_bootloader,BOD=3v9,LTO=Os,clock=12MHz_external	1.6.7	2334	342	0	false	0	0		0	
2020-06-29 03:14:51	149	149.167	https://travis-ci.org/MCUdude/MegaCore/jobs/702976401	push		false	master	c33c287a1de7916ed5e421af3e0bc9e388d821e0	0c3077bd2f6e...c33c287a1de7	All hardware serial ports may be used to upload	/home/travis/Arduino/hardware/MegaCore/avr/libraries/Optiboot_flasher/examples/SerialReadWrite/SerialReadWrite.ino	MegaCore:avr:can32:bootloader=no_bootloader,BOD=3v9,LTO=Os,clock=12MHz_external	1.6.7	7770	467	0	false	0	0		0	
2020-06-29 03:14:55	149	149.167	https://travis-ci.org/MCUdude/MegaCore/jobs/702976401	push		false	master	c33c287a1de7916ed5e421af3e0bc9e388d821e0	0c3077bd2f6e...c33c287a1de7	All hardware serial ports may be used to upload	/home/travis/Arduino/hardware/MegaCore/avr/libraries/Timer/examples/Events/Events.ino	MegaCore:avr:can32:bootloader=no_bootloader,BOD=3v9,LTO=Os,clock=12MHz_external	1.6.7	4156	552	0	false	0	0		0	
2020-06-29 03:14:59	149	149.167	https://travis-ci.org/MCUdude/MegaCore/jobs/702976401	push		false	master	c33c287a1de7916ed5e421af3e0bc9e388d821e0	0c3077bd2f6e...c33c287a1de7	All hardware serial ports may be used to upload	/home/travis/Arduino/hardware/MegaCore/avr/libraries/Timer/examples/Pin_high_10_minutes/Pin_high_10_minutes.ino	MegaCore:avr:can32:bootloader=no_bootloader,BOD=3v9,LTO=Os,clock=12MHz_external	1.6.7	1680	205	1	false	0	0		0	
2020-06-29 03:15:04	149	149.167	https://travis-ci.org/MCUdude/MegaCore/jobs/702976401	push		false	master	c33c287a1de7916ed5e421af3e0bc9e388d821e0	0c3077bd2f6e...c33c287a1de7	All hardware serial ports may be used to upload	/home/travis/Arduino/hardware/MegaCore/avr/libraries/Timer/examples/Multitasking/Multitasking.ino	MegaCore:avr:can32:bootloader=no_bootloader,BOD=3v9,LTO=Os,clock=12MHz_external	1.6.7	3646	456	1	false	0	0		0	
2020-06-29 03:15:08	149	149.167	https://travis-ci.org/MCUdude/MegaCore/jobs/702976401	push		false	master	c33c287a1de7916ed5e421af3e0bc9e388d821e0	0c3077bd2f6e...c33c287a1de7	All hardware serial ports may be used to upload	/home/travis/Arduino/hardware/MegaCore/avr/libraries/Timer/examples/TimerTest/TimerTest.ino	MegaCore:avr:can32:bootloader=no_bootloader,BOD=3v9,LTO=Os,clock=12MHz_external	1.6.7	1646	203	0	false	0	0		0	
2020-06-29 03:15:13	149	149.167	https://travis-ci.org/MCUdude/MegaCore/jobs/702976401	push		false	master	c33c287a1de7916ed5e421af3e0bc9e388d821e0	0c3077bd2f6e...c33c287a1de7	All hardware serial ports may be used to upload	/home/travis/Arduino/hardware/MegaCore/avr/libraries/SPI/examples/BarometricPressureSensor/BarometricPressureSensor.ino	MegaCore:avr:can32:bootloader=no_bootloader,BOD=3v9,LTO=Os,clock=12MHz_external	1.6.7	7080	237	1	false	0	0		0	
2020-06-29 03:15:17	149	149.167	https://travis-ci.org/MCUdude/MegaCore/jobs/702976401	push		false	master	c33c287a1de7916ed5e421af3e0bc9e388d821e0	0c3077bd2f6e...c33c287a1de7	All hardware serial ports may be used to upload	/home/travis/Arduino/hardware/MegaCore/avr/libraries/SPI/examples/DigitalPotControl/DigitalPotControl.ino	MegaCore:avr:can32:bootloader=no_bootloader,BOD=3v9,LTO=Os,clock=12MHz_external	1.6.7	1662	10	0	false	0	0		0	
2020-06-29 03:15:21	149	149.167	https://travis-ci.org/MCUdude/MegaCore/jobs/702976401	push		false	master	c33c287a1de7916ed5e421af3e0bc9e388d821e0	0c3077bd2f6e...c33c287a1de7	All hardware serial ports may be used to upload	/home/travis/Arduino/hardware/MegaCore/avr/libraries/Wire/examples/i2c_scanner/i2c_scanner.ino	MegaCore:avr:can32:bootloader=no_bootloader,BOD=3v9,LTO=Os,clock=12MHz_external	1.6.7	4704	532	0	false	0	0		0	
2020-06-29 03:15:26	149	149.167	https://travis-ci.org/MCUdude/MegaCore/jobs/702976401	push		false	master	c33c287a1de7916ed5e421af3e0bc9e388d821e0	0c3077bd2f6e...c33c287a1de7	All hardware serial ports may be used to upload	/home/travis/Arduino/hardware/MegaCore/avr/libraries/Wire/examples/SFRRanger_reader/SFRRanger_reader.ino	MegaCore:avr:can32:bootloader=no_bootloader,BOD=3v9,LTO=Os,clock=12MHz_external	1.6.7	4982	416	0	false	0	0		0	
2020-06-29 03:15:30	149	149.167	https://travis-ci.org/MCUdude/MegaCore/jobs/702976401	push		false	master	c33c287a1de7916ed5e421af3e0bc9e388d821e0	0c3077bd2f6e...c33c287a1de7	All hardware serial ports may be used to upload	/home/travis/Arduino/hardware/MegaCore/avr/libraries/Wire/examples/master_writer/master_writer.ino	MegaCore:avr:can32:bootloader=no_bootloader,BOD=3v9,LTO=Os,clock=12MHz_external	1.6.7	2894	230	0	false	0	0		0	
2020-06-29 03:15:35	149	149.167	https://travis-ci.org/MCUdude/MegaCore/jobs/702976401	push		false	master	c33c287a1de7916ed5e421af3e0bc9e388d821e0	0c3077bd2f6e...c33c287a1de7	All hardware serial ports may be used to upload	/home/travis/Arduino/hardware/MegaCore/avr/libraries/Wire/examples/digital_potentiometer/digital_potentiometer.ino	MegaCore:avr:can32:bootloader=no_bootloader,BOD=3v9,LTO=Os,clock=12MHz_external	1.6.7	2880	224	0	false	0	0		0	
2020-06-29 03:15:39	149	149.167	https://travis-ci.org/MCUdude/MegaCore/jobs/702976401	push		false	master	c33c287a1de7916ed5e421af3e0bc9e388d821e0	0c3077bd2f6e...c33c287a1de7	All hardware serial ports may be used to upload	/home/travis/Arduino/hardware/MegaCore/avr/libraries/Wire/examples/slave_receiver/slave_receiver.ino	MegaCore:avr:can32:bootloader=no_bootloader,BOD=3v9,LTO=Os,clock=12MHz_external	1.6.7	4352	413	1	false	0	0		0	
2020-06-29 03:15:44	149	149.167	https://travis-ci.org/MCUdude/MegaCore/jobs/702976401	push		false	master	c33c287a1de7916ed5e421af3e0bc9e388d821e0	0c3077bd2f6e...c33c287a1de7	All hardware serial ports may be used to upload	/home/travis/Arduino/hardware/MegaCore/avr/libraries/Wire/examples/master_reader/master_reader.ino	MegaCore:avr:can32:bootloader=no_bootloader,BOD=3v9,LTO=Os,clock=12MHz_external	1.6.7	4432	398	0	false	0	0		0	
2020-06-29 03:15:48	149	149.167	https://travis-ci.org/MCUdude/MegaCore/jobs/702976401	push		false	master	c33c287a1de7916ed5e421af3e0bc9e388d821e0	0c3077bd2f6e...c33c287a1de7	All hardware serial ports may be used to upload	/home/travis/Arduino/hardware/MegaCore/avr/libraries/Wire/examples/slave_sender/slave_sender.ino	MegaCore:avr:can32:bootloader=no_bootloader,BOD=3v9,LTO=Os,clock=12MHz_external	1.6.7	2680	230	0	false	0	0		0	
2020-06-29 03:15:56	149	149.167	https://travis-ci.org/MCUdude/MegaCore/jobs/702976401	push		false	master	c33c287a1de7916ed5e421af3e0bc9e388d821e0	0c3077bd2f6e...c33c287a1de7	All hardware serial ports may be used to upload	/home/travis/Arduino/hardware/MegaCore/avr/libraries/Ethernet/examples/UDPSendReceiveString/UDPSendReceiveString.ino	MegaCore:avr:can32:bootloader=no_bootloader,BOD=3v9,LTO=Os,clock=12MHz_external	1.6.9	12378	607	0	false	0	0		0	
2020-06-29 03:16:01	149	149.167	https://travis-ci.org/MCUdude/MegaCore/jobs/702976401	push		false	master	c33c287a1de7916ed5e421af3e0bc9e388d821e0	0c3077bd2f6e...c33c287a1de7	All hardware serial ports may be used to upload	/home/travis/Arduino/hardware/MegaCore/avr/libraries/Ethernet/examples/TwitterClient/TwitterClient.ino	MegaCore:avr:can32:bootloader=no_bootloader,BOD=3v9,LTO=Os,clock=12MHz_external	1.6.9	19650	876	0	false	0	0		0	
2020-06-29 03:16:07	149	149.167	https://travis-ci.org/MCUdude/MegaCore/jobs/702976401	push		false	master	c33c287a1de7916ed5e421af3e0bc9e388d821e0	0c3077bd2f6e...c33c287a1de7	All hardware serial ports may be used to upload	/home/travis/Arduino/hardware/MegaCore/avr/libraries/Ethernet/examples/WebClientRepeating/WebClientRepeating.ino	MegaCore:avr:can32:bootloader=no_bootloader,BOD=3v9,LTO=Os,clock=12MHz_external	1.6.9	17954	921	0	false	0	0		0	
2020-06-29 03:16:12	149	149.167	https://travis-ci.org/MCUdude/MegaCore/jobs/702976401	push		false	master	c33c287a1de7916ed5e421af3e0bc9e388d821e0	0c3077bd2f6e...c33c287a1de7	All hardware serial ports may be used to upload	/home/travis/Arduino/hardware/MegaCore/avr/libraries/Ethernet/examples/UdpNtpClient/UdpNtpClient.ino	MegaCore:avr:can32:bootloader=no_bootloader,BOD=3v9,LTO=Os,clock=12MHz_external	1.6.9	15698	787	0	false	0	0		0	
2020-06-29 03:16:18	149	149.167	https://travis-ci.org/MCUdude/MegaCore/jobs/702976401	push		false	master	c33c287a1de7916ed5e421af3e0bc9e388d821e0	0c3077bd2f6e...c33c287a1de7	All hardware serial ports may be used to upload	/home/travis/Arduino/hardware/MegaCore/avr/libraries/Ethernet/examples/WebClient/WebClient.ino	MegaCore:avr:can32:bootloader=no_bootloader,BOD=3v9,LTO=Os,clock=12MHz_external	1.6.9	19946	971	0	false	0	0		0	
2020-06-29 03:16:24	149	149.167	https://travis-ci.org/MCUdude/MegaCore/jobs/702976401	push		false	master	c33c287a1de7916ed5e421af3e0bc9e388d821e0	0c3077bd2f6e...c33c287a1de7	All hardware serial ports may be used to upload	/home/travis/Arduino/hardware/MegaCore/avr/libraries/Ethernet/examples/ChatServer/ChatServer.ino	MegaCore:avr:can32:bootloader=no_bootloader,BOD=3v9,LTO=Os,clock=12MHz_external	1.6.9	14634	637	0	false	0	0		0	
2020-06-29 03:16:29	149	149.167	https://travis-ci.org/MCUdude/MegaCore/jobs/702976401	push		false	master	c33c287a1de7916ed5e421af3e0bc9e388d821e0	0c3077bd2f6e...c33c287a1de7	All hardware serial ports may be used to upload	/home/travis/Arduino/hardware/MegaCore/avr/libraries/Ethernet/examples/DhcpAddressPrinter/DhcpAddressPrinter.ino	MegaCore:avr:can32:bootloader=no_bootloader,BOD=3v9,LTO=Os,clock=12MHz_external	1.6.9	15394	754	0	false	0	0		0	
2020-06-29 03:16:35	149	149.167	https://travis-ci.org/MCUdude/MegaCore/jobs/702976401	push		false	master	c33c287a1de7916ed5e421af3e0bc9e388d821e0	0c3077bd2f6e...c33c287a1de7	All hardware serial ports may be used to upload	/home/travis/Arduino/hardware/MegaCore/avr/libraries/Ethernet/examples/XivelyClient/XivelyClient.ino	MegaCore:avr:can32:bootloader=no_bootloader,BOD=3v9,LTO=Os,clock=12MHz_external	1.6.9	18272	836	0	false	0	0		0	
2020-06-29 03:16:41	149	149.167	https://travis-ci.org/MCUdude/MegaCore/jobs/702976401	push		false	master	c33c287a1de7916ed5e421af3e0bc9e388d821e0	0c3077bd2f6e...c33c287a1de7	All hardware serial ports may be used to upload	/home/travis/Arduino/hardware/MegaCore/avr/libraries/Ethernet/examples/XivelyClientString/XivelyClientString.ino	MegaCore:avr:can32:bootloader=no_bootloader,BOD=3v9,LTO=Os,clock=12MHz_external	1.6.9	20104	856	0	false	0	0		0	
2020-06-29 03:16:46	149	149.167	https://travis-ci.org/MCUdude/MegaCore/jobs/702976401	push		false	master	c33c287a1de7916ed5e421af3e0bc9e388d821e0	0c3077bd2f6e...c33c287a1de7	All hardware serial ports may be used to upload	/home/travis/Arduino/hardware/MegaCore/avr/libraries/Ethernet/examples/LinkStatus/LinkStatus.ino	MegaCore:avr:can32:bootloader=no_bootloader,BOD=3v9,LTO=Os,clock=12MHz_external	1.6.9	5286	316	0	false	0	0		0	
2020-06-29 03:16:52	149	149.167	https://travis-ci.org/MCUdude/MegaCore/jobs/702976401	push		false	master	c33c287a1de7916ed5e421af3e0bc9e388d821e0	0c3077bd2f6e...c33c287a1de7	All hardware serial ports may be used to upload	/home/travis/Arduino/hardware/MegaCore/avr/libraries/Ethernet/examples/BarometricPressureWebServer/BarometricPressureWebServer.ino	MegaCore:avr:can32:bootloader=no_bootloader,BOD=3v9,LTO=Os,clock=12MHz_external	1.6.9	19128	698	2	false	0	0		0	
2020-06-29 03:16:58	149	149.167	https://travis-ci.org/MCUdude/MegaCore/jobs/702976401	push		false	master	c33c287a1de7916ed5e421af3e0bc9e388d821e0	0c3077bd2f6e...c33c287a1de7	All hardware serial ports may be used to upload	/home/travis/Arduino/hardware/MegaCore/avr/libraries/Ethernet/examples/DhcpChatServer/DhcpChatServer.ino	MegaCore:avr:can32:bootloader=no_bootloader,BOD=3v9,LTO=Os,clock=12MHz_external	1.6.9	18676	821	0	false	0	0		0	
2020-06-29 03:17:03	149	149.167	https://travis-ci.org/MCUdude/MegaCore/jobs/702976401	push		false	master	c33c287a1de7916ed5e421af3e0bc9e388d821e0	0c3077bd2f6e...c33c287a1de7	All hardware serial ports may be used to upload	/home/travis/Arduino/hardware/MegaCore/avr/libraries/Ethernet/examples/WebServer/WebServer.ino	MegaCore:avr:can32:bootloader=no_bootloader,BOD=3v9,LTO=Os,clock=12MHz_external	1.6.9	15586	760	0	false	0	0		0	
2020-06-29 03:17:09	149	149.167	https://travis-ci.org/MCUdude/MegaCore/jobs/702976401	push		false	master	c33c287a1de7916ed5e421af3e0bc9e388d821e0	0c3077bd2f6e...c33c287a1de7	All hardware serial ports may be used to upload	/home/travis/Arduino/hardware/MegaCore/avr/libraries/Ethernet/examples/TelnetClient/TelnetClient.ino	MegaCore:avr:can32:bootloader=no_bootloader,BOD=3v9,LTO=Os,clock=12MHz_external	1.6.9	14228	617	0	false	0	0		0	
2020-06-29 03:17:14	149	149.167	https://travis-ci.org/MCUdude/MegaCore/jobs/702976401	push		false	master	c33c287a1de7916ed5e421af3e0bc9e388d821e0	0c3077bd2f6e...c33c287a1de7	All hardware serial ports may be used to upload	/home/travis/Arduino/hardware/MegaCore/avr/libraries/Ethernet/examples/PachubeClient/PachubeClient.ino	MegaCore:avr:can32:bootloader=no_bootloader,BOD=3v9,LTO=Os,clock=12MHz_external	1.6.9	18274	838	0	false	0	0		0	
2020-06-29 03:17:20	149	149.167	https://travis-ci.org/MCUdude/MegaCore/jobs/702976401	push		false	master	c33c287a1de7916ed5e421af3e0bc9e388d821e0	0c3077bd2f6e...c33c287a1de7	All hardware serial ports may be used to upload	/home/travis/Arduino/hardware/MegaCore/avr/libraries/Ethernet/examples/PachubeClientString/PachubeClientString.ino	MegaCore:avr:can32:bootloader=no_bootloader,BOD=3v9,LTO=Os,clock=12MHz_external	1.6.9	20106	858	0	false	0	0		0	
2020-06-29 03:17:25	149	149.167	https://travis-ci.org/MCUdude/MegaCore/jobs/702976401	push		false	master	c33c287a1de7916ed5e421af3e0bc9e388d821e0	0c3077bd2f6e...c33c287a1de7	All hardware serial ports may be used to upload	/home/travis/Arduino/hardware/MegaCore/avr/libraries/Ethernet/examples/AdvancedChatServer/AdvancedChatServer.ino	MegaCore:avr:can32:bootloader=no_bootloader,BOD=3v9,LTO=Os,clock=12MHz_external	1.6.9	15376	786	0	false	0	0		0	
2020-06-29 03:17:30	149	149.167	https://travis-ci.org/MCUdude/MegaCore/jobs/702976401	push		false	master	c33c287a1de7916ed5e421af3e0bc9e388d821e0	0c3077bd2f6e...c33c287a1de7	All hardware serial ports may be used to upload	/home/travis/Arduino/hardware/MegaCore/avr/libraries/AVR_examples/examples/Blink_using_Timer0/Blink_using_Timer0.ino	MegaCore:avr:can32:bootloader=no_bootloader,BOD=3v9,LTO=Os,clock=12MHz_external	1.6.9	286	3	0	false	0	0		0	
2020-06-29 03:17:35	149	149.167	https://travis-ci.org/MCUdude/MegaCore/jobs/702976401	push		false	master	c33c287a1de7916ed5e421af3e0bc9e388d821e0	0c3077bd2f6e...c33c287a1de7	All hardware serial ports may be used to upload	/home/travis/Arduino/hardware/MegaCore/avr/libraries/AVR_examples/examples/Read_port_write_port/Read_port_write_port.ino	MegaCore:avr:can32:bootloader=no_bootloader,BOD=3v9,LTO=Os,clock=12MHz_external	1.6.9	188	0	0	false	0	0		0	
2020-06-29 03:17:39	149	149.167	https://travis-ci.org/MCUdude/MegaCore/jobs/702976401	push		false	master	c33c287a1de7916ed5e421af3e0bc9e388d821e0	0c3077bd2f6e...c33c287a1de7	All hardware serial ports may be used to upload	/home/travis/Arduino/hardware/MegaCore/avr/libraries/AVR_examples/examples/Measure_period_length/Measure_period_length.ino	MegaCore:avr:can32:bootloader=no_bootloader,BOD=3v9,LTO=Os,clock=12MHz_external	1.6.9	1944	202	0	false	0	0		0	
2020-06-29 03:17:44	149	149.167	https://travis-ci.org/MCUdude/MegaCore/jobs/702976401	push		false	master	c33c287a1de7916ed5e421af3e0bc9e388d821e0	0c3077bd2f6e...c33c287a1de7	All hardware serial ports may be used to upload	/home/travis/Arduino/hardware/MegaCore/avr/libraries/AVR_examples/examples/Watch_dog_timer/Watch_dog_timer.ino	MegaCore:avr:can32:bootloader=no_bootloader,BOD=3v9,LTO=Os,clock=12MHz_external	1.6.9	280	2	0	false	0	0		0	
2020-06-29 03:17:48	149	149.167	https://travis-ci.org/MCUdude/MegaCore/jobs/702976401	push		false	master	c33c287a1de7916ed5e421af3e0bc9e388d821e0	0c3077bd2f6e...c33c287a1de7	All hardware serial ports may be used to upload	/home/travis/Arduino/hardware/MegaCore/avr/libraries/AVR_examples/examples/Blink/Blink.ino	MegaCore:avr:can32:bootloader=no_bootloader,BOD=3v9,LTO=Os,clock=12MHz_external	1.6.9	220	0	0	false	0	0		0	
2020-06-29 03:17:53	149	149.167	https://travis-ci.org/MCUdude/MegaCore/jobs/702976401	push		false	master	c33c287a1de7916ed5e421af3e0bc9e388d821e0	0c3077bd2f6e...c33c287a1de7	All hardware serial ports may be used to upload	/home/travis/Arduino/hardware/MegaCore/avr/libraries/SD/examples/Datalogger/Datalogger.ino	MegaCore:avr:can32:bootloader=no_bootloader,BOD=3v9,LTO=Os,clock=12MHz_external	1.6.9	14276	945	5	false	0	0		0	
2020-06-29 03:17:59	149	149.167	https://travis-ci.org/MCUdude/MegaCore/jobs/702976401	push		false	master	c33c287a1de7916ed5e421af3e0bc9e388d821e0	0c3077bd2f6e...c33c287a1de7	All hardware serial ports may be used to upload	/home/travis/Arduino/hardware/MegaCore/avr/libraries/SD/examples/CardInfo/CardInfo.ino	MegaCore:avr:can32:bootloader=no_bootloader,BOD=3v9,LTO=Os,clock=12MHz_external	1.6.9	11750	1370	5	false	0	0		0	
2020-06-29 03:18:04	149	149.167	https://travis-ci.org/MCUdude/MegaCore/jobs/702976401	push		false	master	c33c287a1de7916ed5e421af3e0bc9e388d821e0	0c3077bd2f6e...c33c287a1de7	All hardware serial ports may be used to upload	/home/travis/Arduino/hardware/MegaCore/avr/libraries/SD/examples/ReadWrite/ReadWrite.ino	MegaCore:avr:can32:bootloader=no_bootloader,BOD=3v9,LTO=Os,clock=12MHz_external	1.6.9	13180	1014	5	false	0	0		0	
2020-06-29 03:18:10	149	149.167	https://travis-ci.org/MCUdude/MegaCore/jobs/702976401	push		false	master	c33c287a1de7916ed5e421af3e0bc9e388d821e0	0c3077bd2f6e...c33c287a1de7	All hardware serial ports may be used to upload	/home/travis/Arduino/hardware/MegaCore/avr/libraries/SD/examples/listfiles/listfiles.ino	MegaCore:avr:can32:bootloader=no_bootloader,BOD=3v9,LTO=Os,clock=12MHz_external	1.6.9	13914	950	5	false	0	0		0	
2020-06-29 03:18:15	149	149.167	https://travis-ci.org/MCUdude/MegaCore/jobs/702976401	push		false	master	c33c287a1de7916ed5e421af3e0bc9e388d821e0	0c3077bd2f6e...c33c287a1de7	All hardware serial ports may be used to upload	/home/travis/Arduino/hardware/MegaCore/avr/libraries/SD/examples/DumpFile/DumpFile.ino	MegaCore:avr:can32:bootloader=no_bootloader,BOD=3v9,LTO=Os,clock=12MHz_external	1.6.9	12854	943	5	false	0	0		0	
2020-06-29 03:18:20	149	149.167	https://travis-ci.org/MCUdude/MegaCore/jobs/702976401	push		false	master	c33c287a1de7916ed5e421af3e0bc9e388d821e0	0c3077bd2f6e...c33c287a1de7	All hardware serial ports may be used to upload	/home/travis/Arduino/hardware/MegaCore/avr/libraries/SD/examples/Files/Files.ino	MegaCore:avr:can32:bootloader=no_bootloader,BOD=3v9,LTO=Os,clock=12MHz_external	1.6.9	13770	1048	5	false	0	0		0	
2020-06-29 03:18:25	149	149.167	https://travis-ci.org/MCUdude/MegaCore/jobs/702976401	push		false	master	c33c287a1de7916ed5e421af3e0bc9e388d821e0	0c3077bd2f6e...c33c287a1de7	All hardware serial ports may be used to upload	/home/travis/Arduino/hardware/MegaCore/avr/libraries/SoftwareSerial/examples/SoftwareSerialExample/SoftwareSerialExample.ino	MegaCore:avr:can32:bootloader=no_bootloader,BOD=3v9,LTO=Os,clock=12MHz_external	1.6.9	4804	363	0	false	0	0		0	
2020-06-29 03:18:30	149	149.167	https://travis-ci.org/MCUdude/MegaCore/jobs/702976401	push		false	master	c33c287a1de7916ed5e421af3e0bc9e388d821e0	0c3077bd2f6e...c33c287a1de7	All hardware serial ports may be used to upload	/home/travis/Arduino/hardware/MegaCore/avr/libraries/SoftwareSerial/examples/TwoPortReceive/TwoPortReceive.ino	MegaCore:avr:can32:bootloader=no_bootloader,BOD=3v9,LTO=Os,clock=12MHz_external	1.6.9	4904	404	0	false	0	0		0	
2020-06-29 03:18:34	149	149.167	https://travis-ci.org/MCUdude/MegaCore/jobs/702976401	push		false	master	c33c287a1de7916ed5e421af3e0bc9e388d821e0	0c3077bd2f6e...c33c287a1de7	All hardware serial ports may be used to upload	/home/travis/Arduino/hardware/MegaCore/avr/libraries/Servo/examples/Knob/Knob.ino	MegaCore:avr:can32:bootloader=no_bootloader,BOD=3v9,LTO=Os,clock=12MHz_external	1.6.9	3072	60	0	false	0	0		0	
2020-06-29 03:18:39	149	149.167	https://travis-ci.org/MCUdude/MegaCore/jobs/702976401	push		false	master	c33c287a1de7916ed5e421af3e0bc9e388d821e0	0c3077bd2f6e...c33c287a1de7	All hardware serial ports may be used to upload	/home/travis/Arduino/hardware/MegaCore/avr/libraries/Servo/examples/Sweep/Sweep.ino	MegaCore:avr:can32:bootloader=no_bootloader,BOD=3v9,LTO=Os,clock=12MHz_external	1.6.9	2992	56	0	false	0	0		0	
2020-06-29 03:18:43	149	149.167	https://travis-ci.org/MCUdude/MegaCore/jobs/702976401	push		false	master	c33c287a1de7916ed5e421af3e0bc9e388d821e0	0c3077bd2f6e...c33c287a1de7	All hardware serial ports may be used to upload	/home/travis/Arduino/hardware/MegaCore/avr/libraries/EEPROM/examples/eeprom_get/eeprom_get.ino	MegaCore:avr:can32:bootloader=no_bootloader,BOD=3v9,LTO=Os,clock=12MHz_external	1.6.9	4034	258	0	false	0	0		0	
2020-06-29 03:18:48	149	149.167	https://travis-ci.org/MCUdude/MegaCore/jobs/702976401	push		false	master	c33c287a1de7916ed5e421af3e0bc9e388d821e0	0c3077bd2f6e...c33c287a1de7	All hardware serial ports may be used to upload	/home/travis/Arduino/hardware/MegaCore/avr/libraries/EEPROM/examples/eeprom_crc/eeprom_crc.ino	MegaCore:avr:can32:bootloader=no_bootloader,BOD=3v9,LTO=Os,clock=12MHz_external	1.6.9	2638	312	0	false	0	0		0	
2020-06-29 03:18:52	149	149.167	https://travis-ci.org/MCUdude/MegaCore/jobs/702976401	push		false	master	c33c287a1de7916ed5e421af3e0bc9e388d821e0	0c3077bd2f6e...c33c287a1de7	All hardware serial ports may be used to upload	/home/travis/Arduino/hardware/MegaCore/avr/libraries/EEPROM/examples/eeprom_read/eeprom_read.ino	MegaCore:avr:can32:bootloader=no_bootloader,BOD=3v9,LTO=Os,clock=12MHz_external	1.6.9	2540	205	0	false	0	0		0	
2020-06-29 03:18:57	149	149.167	https://travis-ci.org/MCUdude/MegaCore/jobs/702976401	push		false	master	c33c287a1de7916ed5e421af3e0bc9e388d821e0	0c3077bd2f6e...c33c287a1de7	All hardware serial ports may be used to upload	/home/travis/Arduino/hardware/MegaCore/avr/libraries/EEPROM/examples/eeprom_clear/eeprom_clear.ino	MegaCore:avr:can32:bootloader=no_bootloader,BOD=3v9,LTO=Os,clock=12MHz_external	1.6.9	992	9	0	false	0	0		0	
2020-06-29 03:19:01	149	149.167	https://travis-ci.org/MCUdude/MegaCore/jobs/702976401	push		false	master	c33c287a1de7916ed5e421af3e0bc9e388d821e0	0c3077bd2f6e...c33c287a1de7	All hardware serial ports may be used to upload	/home/travis/Arduino/hardware/MegaCore/avr/libraries/EEPROM/examples/eeprom_write/eeprom_write.ino	MegaCore:avr:can32:bootloader=no_bootloader,BOD=3v9,LTO=Os,clock=12MHz_external	1.6.9	1036	13	0	false	0	0		0	
2020-06-29 03:19:06	149	149.167	https://travis-ci.org/MCUdude/MegaCore/jobs/702976401	push		false	master	c33c287a1de7916ed5e421af3e0bc9e388d821e0	0c3077bd2f6e...c33c287a1de7	All hardware serial ports may be used to upload	/home/travis/Arduino/hardware/MegaCore/avr/libraries/EEPROM/examples/eeprom_iteration/eeprom_iteration.ino	MegaCore:avr:can32:bootloader=no_bootloader,BOD=3v9,LTO=Os,clock=12MHz_external	1.6.9	736	9	0	false	0	0		0	
2020-06-29 03:19:11	149	149.167	https://travis-ci.org/MCUdude/MegaCore/jobs/702976401	push		false	master	c33c287a1de7916ed5e421af3e0bc9e388d821e0	0c3077bd2f6e...c33c287a1de7	All hardware serial ports may be used to upload	/home/travis/Arduino/hardware/MegaCore/avr/libraries/EEPROM/examples/eeprom_update/eeprom_update.ino	MegaCore:avr:can32:bootloader=no_bootloader,BOD=3v9,LTO=Os,clock=12MHz_external	1.6.9	1086	13	0	false	0	0		0	
2020-06-29 03:19:15	149	149.167	https://travis-ci.org/MCUdude/MegaCore/jobs/702976401	push		false	master	c33c287a1de7916ed5e421af3e0bc9e388d821e0	0c3077bd2f6e...c33c287a1de7	All hardware serial ports may be used to upload	/home/travis/Arduino/hardware/MegaCore/avr/libraries/EEPROM/examples/eeprom_put/eeprom_put.ino	MegaCore:avr:can32:bootloader=no_bootloader,BOD=3v9,LTO=Os,clock=12MHz_external	1.6.9	2334	342	0	false	0	0		0	
2020-06-29 03:19:20	149	149.167	https://travis-ci.org/MCUdude/MegaCore/jobs/702976401	push		false	master	c33c287a1de7916ed5e421af3e0bc9e388d821e0	0c3077bd2f6e...c33c287a1de7	All hardware serial ports may be used to upload	/home/travis/Arduino/hardware/MegaCore/avr/libraries/Optiboot_flasher/examples/SerialReadWrite/SerialReadWrite.ino	MegaCore:avr:can32:bootloader=no_bootloader,BOD=3v9,LTO=Os,clock=12MHz_external	1.6.9	7770	467	0	false	0	0		0	
2020-06-29 03:19:24	149	149.167	https://travis-ci.org/MCUdude/MegaCore/jobs/702976401	push		false	master	c33c287a1de7916ed5e421af3e0bc9e388d821e0	0c3077bd2f6e...c33c287a1de7	All hardware serial ports may be used to upload	/home/travis/Arduino/hardware/MegaCore/avr/libraries/Timer/examples/Events/Events.ino	MegaCore:avr:can32:bootloader=no_bootloader,BOD=3v9,LTO=Os,clock=12MHz_external	1.6.9	4156	552	0	false	0	0		0	
2020-06-29 03:19:29	149	149.167	https://travis-ci.org/MCUdude/MegaCore/jobs/702976401	push		false	master	c33c287a1de7916ed5e421af3e0bc9e388d821e0	0c3077bd2f6e...c33c287a1de7	All hardware serial ports may be used to upload	/home/travis/Arduino/hardware/MegaCore/avr/libraries/Timer/examples/Pin_high_10_minutes/Pin_high_10_minutes.ino	MegaCore:avr:can32:bootloader=no_bootloader,BOD=3v9,LTO=Os,clock=12MHz_external	1.6.9	1680	205	1	false	0	0		0	
2020-06-29 03:19:34	149	149.167	https://travis-ci.org/MCUdude/MegaCore/jobs/702976401	push		false	master	c33c287a1de7916ed5e421af3e0bc9e388d821e0	0c3077bd2f6e...c33c287a1de7	All hardware serial ports may be used to upload	/home/travis/Arduino/hardware/MegaCore/avr/libraries/Timer/examples/Multitasking/Multitasking.ino	MegaCore:avr:can32:bootloader=no_bootloader,BOD=3v9,LTO=Os,clock=12MHz_external	1.6.9	3646	456	1	false	0	0		0	
2020-06-29 03:19:39	149	149.167	https://travis-ci.org/MCUdude/MegaCore/jobs/702976401	push		false	master	c33c287a1de7916ed5e421af3e0bc9e388d821e0	0c3077bd2f6e...c33c287a1de7	All hardware serial ports may be used to upload	/home/travis/Arduino/hardware/MegaCore/avr/libraries/Timer/examples/TimerTest/TimerTest.ino	MegaCore:avr:can32:bootloader=no_bootloader,BOD=3v9,LTO=Os,clock=12MHz_external	1.6.9	1646	203	0	false	0	0		0	
2020-06-29 03:19:43	149	149.167	https://travis-ci.org/MCUdude/MegaCore/jobs/702976401	push		false	master	c33c287a1de7916ed5e421af3e0bc9e388d821e0	0c3077bd2f6e...c33c287a1de7	All hardware serial ports may be used to upload	/home/travis/Arduino/hardware/MegaCore/avr/libraries/SPI/examples/BarometricPressureSensor/BarometricPressureSensor.ino	MegaCore:avr:can32:bootloader=no_bootloader,BOD=3v9,LTO=Os,clock=12MHz_external	1.6.9	7080	237	1	false	0	0		0	
2020-06-29 03:19:48	149	149.167	https://travis-ci.org/MCUdude/MegaCore/jobs/702976401	push		false	master	c33c287a1de7916ed5e421af3e0bc9e388d821e0	0c3077bd2f6e...c33c287a1de7	All hardware serial ports may be used to upload	/home/travis/Arduino/hardware/MegaCore/avr/libraries/SPI/examples/DigitalPotControl/DigitalPotControl.ino	MegaCore:avr:can32:bootloader=no_bootloader,BOD=3v9,LTO=Os,clock=12MHz_external	1.6.9	1662	10	0	false	0	0		0	
2020-06-29 03:19:53	149	149.167	https://travis-ci.org/MCUdude/MegaCore/jobs/702976401	push		false	master	c33c287a1de7916ed5e421af3e0bc9e388d821e0	0c3077bd2f6e...c33c287a1de7	All hardware serial ports may be used to upload	/home/travis/Arduino/hardware/MegaCore/avr/libraries/Wire/examples/i2c_scanner/i2c_scanner.ino	MegaCore:avr:can32:bootloader=no_bootloader,BOD=3v9,LTO=Os,clock=12MHz_external	1.6.9	4704	532	0	false	0	0		0	
2020-06-29 03:19:58	149	149.167	https://travis-ci.org/MCUdude/MegaCore/jobs/702976401	push		false	master	c33c287a1de7916ed5e421af3e0bc9e388d821e0	0c3077bd2f6e...c33c287a1de7	All hardware serial ports may be used to upload	/home/travis/Arduino/hardware/MegaCore/avr/libraries/Wire/examples/SFRRanger_reader/SFRRanger_reader.ino	MegaCore:avr:can32:bootloader=no_bootloader,BOD=3v9,LTO=Os,clock=12MHz_external	1.6.9	4982	416	0	false	0	0		0	
2020-06-29 03:20:02	149	149.167	https://travis-ci.org/MCUdude/MegaCore/jobs/702976401	push		false	master	c33c287a1de7916ed5e421af3e0bc9e388d821e0	0c3077bd2f6e...c33c287a1de7	All hardware serial ports may be used to upload	/home/travis/Arduino/hardware/MegaCore/avr/libraries/Wire/examples/master_writer/master_writer.ino	MegaCore:avr:can32:bootloader=no_bootloader,BOD=3v9,LTO=Os,clock=12MHz_external	1.6.9	2894	230	0	false	0	0		0	
2020-06-29 03:20:07	149	149.167	https://travis-ci.org/MCUdude/MegaCore/jobs/702976401	push		false	master	c33c287a1de7916ed5e421af3e0bc9e388d821e0	0c3077bd2f6e...c33c287a1de7	All hardware serial ports may be used to upload	/home/travis/Arduino/hardware/MegaCore/avr/libraries/Wire/examples/digital_potentiometer/digital_potentiometer.ino	MegaCore:avr:can32:bootloader=no_bootloader,BOD=3v9,LTO=Os,clock=12MHz_external	1.6.9	2880	224	0	false	0	0		0	
2020-06-29 03:20:12	149	149.167	https://travis-ci.org/MCUdude/MegaCore/jobs/702976401	push		false	master	c33c287a1de7916ed5e421af3e0bc9e388d821e0	0c3077bd2f6e...c33c287a1de7	All hardware serial ports may be used to upload	/home/travis/Arduino/hardware/MegaCore/avr/libraries/Wire/examples/slave_receiver/slave_receiver.ino	MegaCore:avr:can32:bootloader=no_bootloader,BOD=3v9,LTO=Os,clock=12MHz_external	1.6.9	4352	413	1	false	0	0		0	
2020-06-29 03:20:16	149	149.167	https://travis-ci.org/MCUdude/MegaCore/jobs/702976401	push		false	master	c33c287a1de7916ed5e421af3e0bc9e388d821e0	0c3077bd2f6e...c33c287a1de7	All hardware serial ports may be used to upload	/home/travis/Arduino/hardware/MegaCore/avr/libraries/Wire/examples/master_reader/master_reader.ino	MegaCore:avr:can32:bootloader=no_bootloader,BOD=3v9,LTO=Os,clock=12MHz_external	1.6.9	4432	398	0	false	0	0		0	
2020-06-29 03:20:21	149	149.167	https://travis-ci.org/MCUdude/MegaCore/jobs/702976401	push		false	master	c33c287a1de7916ed5e421af3e0bc9e388d821e0	0c3077bd2f6e...c33c287a1de7	All hardware serial ports may be used to upload	/home/travis/Arduino/hardware/MegaCore/avr/libraries/Wire/examples/slave_sender/slave_sender.ino	MegaCore:avr:can32:bootloader=no_bootloader,BOD=3v9,LTO=Os,clock=12MHz_external	1.6.9	2680	230	0	false	0	0		0	
2020-06-29 03:20:29	149	149.167	https://travis-ci.org/MCUdude/MegaCore/jobs/702976401	push		false	master	c33c287a1de7916ed5e421af3e0bc9e388d821e0	0c3077bd2f6e...c33c287a1de7	All hardware serial ports may be used to upload	/home/travis/Arduino/hardware/MegaCore/avr/libraries/Ethernet/examples/UDPSendReceiveString/UDPSendReceiveString.ino	MegaCore:avr:can32:bootloader=no_bootloader,BOD=3v9,LTO=Os,clock=12MHz_external	1.6.13	12322	607	0	false	0	0		0	
2020-06-29 03:20:34	149	149.167	https://travis-ci.org/MCUdude/MegaCore/jobs/702976401	push		false	master	c33c287a1de7916ed5e421af3e0bc9e388d821e0	0c3077bd2f6e...c33c287a1de7	All hardware serial ports may be used to upload	/home/travis/Arduino/hardware/MegaCore/avr/libraries/Ethernet/examples/TwitterClient/TwitterClient.ino	MegaCore:avr:can32:bootloader=no_bootloader,BOD=3v9,LTO=Os,clock=12MHz_external	1.6.13	19624	876	0	false	0	0		0	
2020-06-29 03:20:40	149	149.167	https://travis-ci.org/MCUdude/MegaCore/jobs/702976401	push		false	master	c33c287a1de7916ed5e421af3e0bc9e388d821e0	0c3077bd2f6e...c33c287a1de7	All hardware serial ports may be used to upload	/home/travis/Arduino/hardware/MegaCore/avr/libraries/Ethernet/examples/WebClientRepeating/WebClientRepeating.ino	MegaCore:avr:can32:bootloader=no_bootloader,BOD=3v9,LTO=Os,clock=12MHz_external	1.6.13	17898	921	0	false	0	0		0	
2020-06-29 03:20:45	149	149.167	https://travis-ci.org/MCUdude/MegaCore/jobs/702976401	push		false	master	c33c287a1de7916ed5e421af3e0bc9e388d821e0	0c3077bd2f6e...c33c287a1de7	All hardware serial ports may be used to upload	/home/travis/Arduino/hardware/MegaCore/avr/libraries/Ethernet/examples/UdpNtpClient/UdpNtpClient.ino	MegaCore:avr:can32:bootloader=no_bootloader,BOD=3v9,LTO=Os,clock=12MHz_external	1.6.13	15652	787	0	false	0	0		0	
2020-06-29 03:20:51	149	149.167	https://travis-ci.org/MCUdude/MegaCore/jobs/702976401	push		false	master	c33c287a1de7916ed5e421af3e0bc9e388d821e0	0c3077bd2f6e...c33c287a1de7	All hardware serial ports may be used to upload	/home/travis/Arduino/hardware/MegaCore/avr/libraries/Ethernet/examples/WebClient/WebClient.ino	MegaCore:avr:can32:bootloader=no_bootloader,BOD=3v9,LTO=Os,clock=12MHz_external	1.6.13	19966	971	0	false	0	0		0	
2020-06-29 03:20:56	149	149.167	https://travis-ci.org/MCUdude/MegaCore/jobs/702976401	push		false	master	c33c287a1de7916ed5e421af3e0bc9e388d821e0	0c3077bd2f6e...c33c287a1de7	All hardware serial ports may be used to upload	/home/travis/Arduino/hardware/MegaCore/avr/libraries/Ethernet/examples/ChatServer/ChatServer.ino	MegaCore:avr:can32:bootloader=no_bootloader,BOD=3v9,LTO=Os,clock=12MHz_external	1.6.13	14520	637	0	false	0	0		0	
2020-06-29 03:21:02	149	149.167	https://travis-ci.org/MCUdude/MegaCore/jobs/702976401	push		false	master	c33c287a1de7916ed5e421af3e0bc9e388d821e0	0c3077bd2f6e...c33c287a1de7	All hardware serial ports may be used to upload	/home/travis/Arduino/hardware/MegaCore/avr/libraries/Ethernet/examples/DhcpAddressPrinter/DhcpAddressPrinter.ino	MegaCore:avr:can32:bootloader=no_bootloader,BOD=3v9,LTO=Os,clock=12MHz_external	1.6.13	15364	754	0	false	0	0		0	
2020-06-29 03:21:07	149	149.167	https://travis-ci.org/MCUdude/MegaCore/jobs/702976401	push		false	master	c33c287a1de7916ed5e421af3e0bc9e388d821e0	0c3077bd2f6e...c33c287a1de7	All hardware serial ports may be used to upload	/home/travis/Arduino/hardware/MegaCore/avr/libraries/Ethernet/examples/XivelyClient/XivelyClient.ino	MegaCore:avr:can32:bootloader=no_bootloader,BOD=3v9,LTO=Os,clock=12MHz_external	1.6.13	18232	836	0	false	0	0		0	
2020-06-29 03:21:13	149	149.167	https://travis-ci.org/MCUdude/MegaCore/jobs/702976401	push		false	master	c33c287a1de7916ed5e421af3e0bc9e388d821e0	0c3077bd2f6e...c33c287a1de7	All hardware serial ports may be used to upload	/home/travis/Arduino/hardware/MegaCore/avr/libraries/Ethernet/examples/XivelyClientString/XivelyClientString.ino	MegaCore:avr:can32:bootloader=no_bootloader,BOD=3v9,LTO=Os,clock=12MHz_external	1.6.13	20076	856	0	false	0	0		0	
2020-06-29 03:21:18	149	149.167	https://travis-ci.org/MCUdude/MegaCore/jobs/702976401	push		false	master	c33c287a1de7916ed5e421af3e0bc9e388d821e0	0c3077bd2f6e...c33c287a1de7	All hardware serial ports may be used to upload	/home/travis/Arduino/hardware/MegaCore/avr/libraries/Ethernet/examples/LinkStatus/LinkStatus.ino	MegaCore:avr:can32:bootloader=no_bootloader,BOD=3v9,LTO=Os,clock=12MHz_external	1.6.13	5202	316	0	false	0	0		0	
2020-06-29 03:21:24	149	149.167	https://travis-ci.org/MCUdude/MegaCore/jobs/702976401	push		false	master	c33c287a1de7916ed5e421af3e0bc9e388d821e0	0c3077bd2f6e...c33c287a1de7	All hardware serial ports may be used to upload	/home/travis/Arduino/hardware/MegaCore/avr/libraries/Ethernet/examples/BarometricPressureWebServer/BarometricPressureWebServer.ino	MegaCore:avr:can32:bootloader=no_bootloader,BOD=3v9,LTO=Os,clock=12MHz_external	1.6.13	19134	698	2	false	0	0		0	
2020-06-29 03:21:30	149	149.167	https://travis-ci.org/MCUdude/MegaCore/jobs/702976401	push		false	master	c33c287a1de7916ed5e421af3e0bc9e388d821e0	0c3077bd2f6e...c33c287a1de7	All hardware serial ports may be used to upload	/home/travis/Arduino/hardware/MegaCore/avr/libraries/Ethernet/examples/DhcpChatServer/DhcpChatServer.ino	MegaCore:avr:can32:bootloader=no_bootloader,BOD=3v9,LTO=Os,clock=12MHz_external	1.6.13	18602	821	0	false	0	0		0	
2020-06-29 03:21:36	149	149.167	https://travis-ci.org/MCUdude/MegaCore/jobs/702976401	push		false	master	c33c287a1de7916ed5e421af3e0bc9e388d821e0	0c3077bd2f6e...c33c287a1de7	All hardware serial ports may be used to upload	/home/travis/Arduino/hardware/MegaCore/avr/libraries/Ethernet/examples/WebServer/WebServer.ino	MegaCore:avr:can32:bootloader=no_bootloader,BOD=3v9,LTO=Os,clock=12MHz_external	1.6.13	15486	760	0	false	0	0		0	
2020-06-29 03:21:41	149	149.167	https://travis-ci.org/MCUdude/MegaCore/jobs/702976401	push		false	master	c33c287a1de7916ed5e421af3e0bc9e388d821e0	0c3077bd2f6e...c33c287a1de7	All hardware serial ports may be used to upload	/home/travis/Arduino/hardware/MegaCore/avr/libraries/Ethernet/examples/TelnetClient/TelnetClient.ino	MegaCore:avr:can32:bootloader=no_bootloader,BOD=3v9,LTO=Os,clock=12MHz_external	1.6.13	14158	617	0	false	0	0		0	
2020-06-29 03:21:47	149	149.167	https://travis-ci.org/MCUdude/MegaCore/jobs/702976401	push		false	master	c33c287a1de7916ed5e421af3e0bc9e388d821e0	0c3077bd2f6e...c33c287a1de7	All hardware serial ports may be used to upload	/home/travis/Arduino/hardware/MegaCore/avr/libraries/Ethernet/examples/PachubeClient/PachubeClient.ino	MegaCore:avr:can32:bootloader=no_bootloader,BOD=3v9,LTO=Os,clock=12MHz_external	1.6.13	18234	838	0	false	0	0		0	
2020-06-29 03:21:52	149	149.167	https://travis-ci.org/MCUdude/MegaCore/jobs/702976401	push		false	master	c33c287a1de7916ed5e421af3e0bc9e388d821e0	0c3077bd2f6e...c33c287a1de7	All hardware serial ports may be used to upload	/home/travis/Arduino/hardware/MegaCore/avr/libraries/Ethernet/examples/PachubeClientString/PachubeClientString.ino	MegaCore:avr:can32:bootloader=no_bootloader,BOD=3v9,LTO=Os,clock=12MHz_external	1.6.13	20078	858	0	false	0	0		0	
2020-06-29 03:21:58	149	149.167	https://travis-ci.org/MCUdude/MegaCore/jobs/702976401	push		false	master	c33c287a1de7916ed5e421af3e0bc9e388d821e0	0c3077bd2f6e...c33c287a1de7	All hardware serial ports may be used to upload	/home/travis/Arduino/hardware/MegaCore/avr/libraries/Ethernet/examples/AdvancedChatServer/AdvancedChatServer.ino	MegaCore:avr:can32:bootloader=no_bootloader,BOD=3v9,LTO=Os,clock=12MHz_external	1.6.13	15336	786	0	false	0	0		0	
2020-06-29 03:22:03	149	149.167	https://travis-ci.org/MCUdude/MegaCore/jobs/702976401	push		false	master	c33c287a1de7916ed5e421af3e0bc9e388d821e0	0c3077bd2f6e...c33c287a1de7	All hardware serial ports may be used to upload	/home/travis/Arduino/hardware/MegaCore/avr/libraries/AVR_examples/examples/Blink_using_Timer0/Blink_using_Timer0.ino	MegaCore:avr:can32:bootloader=no_bootloader,BOD=3v9,LTO=Os,clock=12MHz_external	1.6.13	286	3	0	false	0	0		0	
2020-06-29 03:22:07	149	149.167	https://travis-ci.org/MCUdude/MegaCore/jobs/702976401	push		false	master	c33c287a1de7916ed5e421af3e0bc9e388d821e0	0c3077bd2f6e...c33c287a1de7	All hardware serial ports may be used to upload	/home/travis/Arduino/hardware/MegaCore/avr/libraries/AVR_examples/examples/Read_port_write_port/Read_port_write_port.ino	MegaCore:avr:can32:bootloader=no_bootloader,BOD=3v9,LTO=Os,clock=12MHz_external	1.6.13	188	0	0	false	0	0		0	
2020-06-29 03:22:12	149	149.167	https://travis-ci.org/MCUdude/MegaCore/jobs/702976401	push		false	master	c33c287a1de7916ed5e421af3e0bc9e388d821e0	0c3077bd2f6e...c33c287a1de7	All hardware serial ports may be used to upload	/home/travis/Arduino/hardware/MegaCore/avr/libraries/AVR_examples/examples/Measure_period_length/Measure_period_length.ino	MegaCore:avr:can32:bootloader=no_bootloader,BOD=3v9,LTO=Os,clock=12MHz_external	1.6.13	1838	202	0	false	0	0		0	
2020-06-29 03:22:16	149	149.167	https://travis-ci.org/MCUdude/MegaCore/jobs/702976401	push		false	master	c33c287a1de7916ed5e421af3e0bc9e388d821e0	0c3077bd2f6e...c33c287a1de7	All hardware serial ports may be used to upload	/home/travis/Arduino/hardware/MegaCore/avr/libraries/AVR_examples/examples/Watch_dog_timer/Watch_dog_timer.ino	MegaCore:avr:can32:bootloader=no_bootloader,BOD=3v9,LTO=Os,clock=12MHz_external	1.6.13	278	2	0	false	0	0		0	
2020-06-29 03:22:21	149	149.167	https://travis-ci.org/MCUdude/MegaCore/jobs/702976401	push		false	master	c33c287a1de7916ed5e421af3e0bc9e388d821e0	0c3077bd2f6e...c33c287a1de7	All hardware serial ports may be used to upload	/home/travis/Arduino/hardware/MegaCore/avr/libraries/AVR_examples/examples/Blink/Blink.ino	MegaCore:avr:can32:bootloader=no_bootloader,BOD=3v9,LTO=Os,clock=12MHz_external	1.6.13	220	0	0	false	0	0		0	
2020-06-29 03:22:26	149	149.167	https://travis-ci.org/MCUdude/MegaCore/jobs/702976401	push		false	master	c33c287a1de7916ed5e421af3e0bc9e388d821e0	0c3077bd2f6e...c33c287a1de7	All hardware serial ports may be used to upload	/home/travis/Arduino/hardware/MegaCore/avr/libraries/SD/examples/Datalogger/Datalogger.ino	MegaCore:avr:can32:bootloader=no_bootloader,BOD=3v9,LTO=Os,clock=12MHz_external	1.6.13	14158	945	5	false	0	0		0	
2020-06-29 03:22:31	149	149.167	https://travis-ci.org/MCUdude/MegaCore/jobs/702976401	push		false	master	c33c287a1de7916ed5e421af3e0bc9e388d821e0	0c3077bd2f6e...c33c287a1de7	All hardware serial ports may be used to upload	/home/travis/Arduino/hardware/MegaCore/avr/libraries/SD/examples/CardInfo/CardInfo.ino	MegaCore:avr:can32:bootloader=no_bootloader,BOD=3v9,LTO=Os,clock=12MHz_external	1.6.13	11616	1370	5	false	0	0		0	
2020-06-29 03:22:37	149	149.167	https://travis-ci.org/MCUdude/MegaCore/jobs/702976401	push		false	master	c33c287a1de7916ed5e421af3e0bc9e388d821e0	0c3077bd2f6e...c33c287a1de7	All hardware serial ports may be used to upload	/home/travis/Arduino/hardware/MegaCore/avr/libraries/SD/examples/ReadWrite/ReadWrite.ino	MegaCore:avr:can32:bootloader=no_bootloader,BOD=3v9,LTO=Os,clock=12MHz_external	1.6.13	13052	1014	5	false	0	0		0	
2020-06-29 03:22:42	149	149.167	https://travis-ci.org/MCUdude/MegaCore/jobs/702976401	push		false	master	c33c287a1de7916ed5e421af3e0bc9e388d821e0	0c3077bd2f6e...c33c287a1de7	All hardware serial ports may be used to upload	/home/travis/Arduino/hardware/MegaCore/avr/libraries/SD/examples/listfiles/listfiles.ino	MegaCore:avr:can32:bootloader=no_bootloader,BOD=3v9,LTO=Os,clock=12MHz_external	1.6.13	13782	950	5	false	0	0		0	
2020-06-29 03:22:48	149	149.167	https://travis-ci.org/MCUdude/MegaCore/jobs/702976401	push		false	master	c33c287a1de7916ed5e421af3e0bc9e388d821e0	0c3077bd2f6e...c33c287a1de7	All hardware serial ports may be used to upload	/home/travis/Arduino/hardware/MegaCore/avr/libraries/SD/examples/DumpFile/DumpFile.ino	MegaCore:avr:can32:bootloader=no_bootloader,BOD=3v9,LTO=Os,clock=12MHz_external	1.6.13	12726	943	5	false	0	0		0	
2020-06-29 03:22:53	149	149.167	https://travis-ci.org/MCUdude/MegaCore/jobs/702976401	push		false	master	c33c287a1de7916ed5e421af3e0bc9e388d821e0	0c3077bd2f6e...c33c287a1de7	All hardware serial ports may be used to upload	/home/travis/Arduino/hardware/MegaCore/avr/libraries/SD/examples/Files/Files.ino	MegaCore:avr:can32:bootloader=no_bootloader,BOD=3v9,LTO=Os,clock=12MHz_external	1.6.13	13666	1048	5	false	0	0		0	
2020-06-29 03:22:58	149	149.167	https://travis-ci.org/MCUdude/MegaCore/jobs/702976401	push		false	master	c33c287a1de7916ed5e421af3e0bc9e388d821e0	0c3077bd2f6e...c33c287a1de7	All hardware serial ports may be used to upload	/home/travis/Arduino/hardware/MegaCore/avr/libraries/SoftwareSerial/examples/SoftwareSerialExample/SoftwareSerialExample.ino	MegaCore:avr:can32:bootloader=no_bootloader,BOD=3v9,LTO=Os,clock=12MHz_external	1.6.13	4694	363	0	false	0	0		0	
2020-06-29 03:23:03	149	149.167	https://travis-ci.org/MCUdude/MegaCore/jobs/702976401	push		false	master	c33c287a1de7916ed5e421af3e0bc9e388d821e0	0c3077bd2f6e...c33c287a1de7	All hardware serial ports may be used to upload	/home/travis/Arduino/hardware/MegaCore/avr/libraries/SoftwareSerial/examples/TwoPortReceive/TwoPortReceive.ino	MegaCore:avr:can32:bootloader=no_bootloader,BOD=3v9,LTO=Os,clock=12MHz_external	1.6.13	4780	404	0	false	0	0		0	
2020-06-29 03:23:07	149	149.167	https://travis-ci.org/MCUdude/MegaCore/jobs/702976401	push		false	master	c33c287a1de7916ed5e421af3e0bc9e388d821e0	0c3077bd2f6e...c33c287a1de7	All hardware serial ports may be used to upload	/home/travis/Arduino/hardware/MegaCore/avr/libraries/Servo/examples/Knob/Knob.ino	MegaCore:avr:can32:bootloader=no_bootloader,BOD=3v9,LTO=Os,clock=12MHz_external	1.6.13	3046	60	0	false	0	0		0	
2020-06-29 03:23:12	149	149.167	https://travis-ci.org/MCUdude/MegaCore/jobs/702976401	push		false	master	c33c287a1de7916ed5e421af3e0bc9e388d821e0	0c3077bd2f6e...c33c287a1de7	All hardware serial ports may be used to upload	/home/travis/Arduino/hardware/MegaCore/avr/libraries/Servo/examples/Sweep/Sweep.ino	MegaCore:avr:can32:bootloader=no_bootloader,BOD=3v9,LTO=Os,clock=12MHz_external	1.6.13	2968	56	0	false	0	0		0	
2020-06-29 03:23:16	149	149.167	https://travis-ci.org/MCUdude/MegaCore/jobs/702976401	push		false	master	c33c287a1de7916ed5e421af3e0bc9e388d821e0	0c3077bd2f6e...c33c287a1de7	All hardware serial ports may be used to upload	/home/travis/Arduino/hardware/MegaCore/avr/libraries/EEPROM/examples/eeprom_get/eeprom_get.ino	MegaCore:avr:can32:bootloader=no_bootloader,BOD=3v9,LTO=Os,clock=12MHz_external	1.6.13	4006	258	0	false	0	0		0	
2020-06-29 03:23:21	149	149.167	https://travis-ci.org/MCUdude/MegaCore/jobs/702976401	push		false	master	c33c287a1de7916ed5e421af3e0bc9e388d821e0	0c3077bd2f6e...c33c287a1de7	All hardware serial ports may be used to upload	/home/travis/Arduino/hardware/MegaCore/avr/libraries/EEPROM/examples/eeprom_crc/eeprom_crc.ino	MegaCore:avr:can32:bootloader=no_bootloader,BOD=3v9,LTO=Os,clock=12MHz_external	1.6.13	2528	312	0	false	0	0		0	
2020-06-29 03:23:25	149	149.167	https://travis-ci.org/MCUdude/MegaCore/jobs/702976401	push		false	master	c33c287a1de7916ed5e421af3e0bc9e388d821e0	0c3077bd2f6e...c33c287a1de7	All hardware serial ports may be used to upload	/home/travis/Arduino/hardware/MegaCore/avr/libraries/EEPROM/examples/eeprom_read/eeprom_read.ino	MegaCore:avr:can32:bootloader=no_bootloader,BOD=3v9,LTO=Os,clock=12MHz_external	1.6.13	2428	205	0	false	0	0		0	
2020-06-29 03:23:30	149	149.167	https://travis-ci.org/MCUdude/MegaCore/jobs/702976401	push		false	master	c33c287a1de7916ed5e421af3e0bc9e388d821e0	0c3077bd2f6e...c33c287a1de7	All hardware serial ports may be used to upload	/home/travis/Arduino/hardware/MegaCore/avr/libraries/EEPROM/examples/eeprom_clear/eeprom_clear.ino	MegaCore:avr:can32:bootloader=no_bootloader,BOD=3v9,LTO=Os,clock=12MHz_external	1.6.13	980	9	0	false	0	0		0	
2020-06-29 03:23:34	149	149.167	https://travis-ci.org/MCUdude/MegaCore/jobs/702976401	push		false	master	c33c287a1de7916ed5e421af3e0bc9e388d821e0	0c3077bd2f6e...c33c287a1de7	All hardware serial ports may be used to upload	/home/travis/Arduino/hardware/MegaCore/avr/libraries/EEPROM/examples/eeprom_write/eeprom_write.ino	MegaCore:avr:can32:bootloader=no_bootloader,BOD=3v9,LTO=Os,clock=12MHz_external	1.6.13	1030	13	0	false	0	0		0	
2020-06-29 03:23:38	149	149.167	https://travis-ci.org/MCUdude/MegaCore/jobs/702976401	push		false	master	c33c287a1de7916ed5e421af3e0bc9e388d821e0	0c3077bd2f6e...c33c287a1de7	All hardware serial ports may be used to upload	/home/travis/Arduino/hardware/MegaCore/avr/libraries/EEPROM/examples/eeprom_iteration/eeprom_iteration.ino	MegaCore:avr:can32:bootloader=no_bootloader,BOD=3v9,LTO=Os,clock=12MHz_external	1.6.13	736	9	0	false	0	0		0	
2020-06-29 03:23:43	149	149.167	https://travis-ci.org/MCUdude/MegaCore/jobs/702976401	push		false	master	c33c287a1de7916ed5e421af3e0bc9e388d821e0	0c3077bd2f6e...c33c287a1de7	All hardware serial ports may be used to upload	/home/travis/Arduino/hardware/MegaCore/avr/libraries/EEPROM/examples/eeprom_update/eeprom_update.ino	MegaCore:avr:can32:bootloader=no_bootloader,BOD=3v9,LTO=Os,clock=12MHz_external	1.6.13	1080	13	0	false	0	0		0	
2020-06-29 03:23:47	149	149.167	https://travis-ci.org/MCUdude/MegaCore/jobs/702976401	push		false	master	c33c287a1de7916ed5e421af3e0bc9e388d821e0	0c3077bd2f6e...c33c287a1de7	All hardware serial ports may be used to upload	/home/travis/Arduino/hardware/MegaCore/avr/libraries/EEPROM/examples/eeprom_put/eeprom_put.ino	MegaCore:avr:can32:bootloader=no_bootloader,BOD=3v9,LTO=Os,clock=12MHz_external	1.6.13	2250	342	0	false	0	0		0	
2020-06-29 03:23:52	149	149.167	https://travis-ci.org/MCUdude/MegaCore/jobs/702976401	push		false	master	c33c287a1de7916ed5e421af3e0bc9e388d821e0	0c3077bd2f6e...c33c287a1de7	All hardware serial ports may be used to upload	/home/travis/Arduino/hardware/MegaCore/avr/libraries/Optiboot_flasher/examples/SerialReadWrite/SerialReadWrite.ino	MegaCore:avr:can32:bootloader=no_bootloader,BOD=3v9,LTO=Os,clock=12MHz_external	1.6.13	7706	467	0	false	0	0		0	
2020-06-29 03:23:57	149	149.167	https://travis-ci.org/MCUdude/MegaCore/jobs/702976401	push		false	master	c33c287a1de7916ed5e421af3e0bc9e388d821e0	0c3077bd2f6e...c33c287a1de7	All hardware serial ports may be used to upload	/home/travis/Arduino/hardware/MegaCore/avr/libraries/Timer/examples/Events/Events.ino	MegaCore:avr:can32:bootloader=no_bootloader,BOD=3v9,LTO=Os,clock=12MHz_external	1.6.13	4048	552	0	false	0	0		0	
2020-06-29 03:24:01	149	149.167	https://travis-ci.org/MCUdude/MegaCore/jobs/702976401	push		false	master	c33c287a1de7916ed5e421af3e0bc9e388d821e0	0c3077bd2f6e...c33c287a1de7	All hardware serial ports may be used to upload	/home/travis/Arduino/hardware/MegaCore/avr/libraries/Timer/examples/Pin_high_10_minutes/Pin_high_10_minutes.ino	MegaCore:avr:can32:bootloader=no_bootloader,BOD=3v9,LTO=Os,clock=12MHz_external	1.6.13	1680	205	1	false	0	0		0	
2020-06-29 03:24:06	149	149.167	https://travis-ci.org/MCUdude/MegaCore/jobs/702976401	push		false	master	c33c287a1de7916ed5e421af3e0bc9e388d821e0	0c3077bd2f6e...c33c287a1de7	All hardware serial ports may be used to upload	/home/travis/Arduino/hardware/MegaCore/avr/libraries/Timer/examples/Multitasking/Multitasking.ino	MegaCore:avr:can32:bootloader=no_bootloader,BOD=3v9,LTO=Os,clock=12MHz_external	1.6.13	3546	456	1	false	0	0		0	
2020-06-29 03:24:11	149	149.167	https://travis-ci.org/MCUdude/MegaCore/jobs/702976401	push		false	master	c33c287a1de7916ed5e421af3e0bc9e388d821e0	0c3077bd2f6e...c33c287a1de7	All hardware serial ports may be used to upload	/home/travis/Arduino/hardware/MegaCore/avr/libraries/Timer/examples/TimerTest/TimerTest.ino	MegaCore:avr:can32:bootloader=no_bootloader,BOD=3v9,LTO=Os,clock=12MHz_external	1.6.13	1644	203	0	false	0	0		0	
2020-06-29 03:24:15	149	149.167	https://travis-ci.org/MCUdude/MegaCore/jobs/702976401	push		false	master	c33c287a1de7916ed5e421af3e0bc9e388d821e0	0c3077bd2f6e...c33c287a1de7	All hardware serial ports may be used to upload	/home/travis/Arduino/hardware/MegaCore/avr/libraries/SPI/examples/BarometricPressureSensor/BarometricPressureSensor.ino	MegaCore:avr:can32:bootloader=no_bootloader,BOD=3v9,LTO=Os,clock=12MHz_external	1.6.13	7050	237	1	false	0	0		0	
2020-06-29 03:24:20	149	149.167	https://travis-ci.org/MCUdude/MegaCore/jobs/702976401	push		false	master	c33c287a1de7916ed5e421af3e0bc9e388d821e0	0c3077bd2f6e...c33c287a1de7	All hardware serial ports may be used to upload	/home/travis/Arduino/hardware/MegaCore/avr/libraries/SPI/examples/DigitalPotControl/DigitalPotControl.ino	MegaCore:avr:can32:bootloader=no_bootloader,BOD=3v9,LTO=Os,clock=12MHz_external	1.6.13	1650	10	0	false	0	0		0	
2020-06-29 03:24:24	149	149.167	https://travis-ci.org/MCUdude/MegaCore/jobs/702976401	push		false	master	c33c287a1de7916ed5e421af3e0bc9e388d821e0	0c3077bd2f6e...c33c287a1de7	All hardware serial ports may be used to upload	/home/travis/Arduino/hardware/MegaCore/avr/libraries/Wire/examples/i2c_scanner/i2c_scanner.ino	MegaCore:avr:can32:bootloader=no_bootloader,BOD=3v9,LTO=Os,clock=12MHz_external	1.6.13	4590	532	0	false	0	0		0	
2020-06-29 03:24:29	149	149.167	https://travis-ci.org/MCUdude/MegaCore/jobs/702976401	push		false	master	c33c287a1de7916ed5e421af3e0bc9e388d821e0	0c3077bd2f6e...c33c287a1de7	All hardware serial ports may be used to upload	/home/travis/Arduino/hardware/MegaCore/avr/libraries/Wire/examples/SFRRanger_reader/SFRRanger_reader.ino	MegaCore:avr:can32:bootloader=no_bootloader,BOD=3v9,LTO=Os,clock=12MHz_external	1.6.13	4874	416	0	false	0	0		0	
2020-06-29 03:24:34	149	149.167	https://travis-ci.org/MCUdude/MegaCore/jobs/702976401	push		false	master	c33c287a1de7916ed5e421af3e0bc9e388d821e0	0c3077bd2f6e...c33c287a1de7	All hardware serial ports may be used to upload	/home/travis/Arduino/hardware/MegaCore/avr/libraries/Wire/examples/master_writer/master_writer.ino	MegaCore:avr:can32:bootloader=no_bootloader,BOD=3v9,LTO=Os,clock=12MHz_external	1.6.13	2884	230	0	false	0	0		0	
2020-06-29 03:24:39	149	149.167	https://travis-ci.org/MCUdude/MegaCore/jobs/702976401	push		false	master	c33c287a1de7916ed5e421af3e0bc9e388d821e0	0c3077bd2f6e...c33c287a1de7	All hardware serial ports may be used to upload	/home/travis/Arduino/hardware/MegaCore/avr/libraries/Wire/examples/digital_potentiometer/digital_potentiometer.ino	MegaCore:avr:can32:bootloader=no_bootloader,BOD=3v9,LTO=Os,clock=12MHz_external	1.6.13	2870	224	0	false	0	0		0	
2020-06-29 03:24:43	149	149.167	https://travis-ci.org/MCUdude/MegaCore/jobs/702976401	push		false	master	c33c287a1de7916ed5e421af3e0bc9e388d821e0	0c3077bd2f6e...c33c287a1de7	All hardware serial ports may be used to upload	/home/travis/Arduino/hardware/MegaCore/avr/libraries/Wire/examples/slave_receiver/slave_receiver.ino	MegaCore:avr:can32:bootloader=no_bootloader,BOD=3v9,LTO=Os,clock=12MHz_external	1.6.13	4240	413	1	false	0	0		0	
2020-06-29 03:24:48	149	149.167	https://travis-ci.org/MCUdude/MegaCore/jobs/702976401	push		false	master	c33c287a1de7916ed5e421af3e0bc9e388d821e0	0c3077bd2f6e...c33c287a1de7	All hardware serial ports may be used to upload	/home/travis/Arduino/hardware/MegaCore/avr/libraries/Wire/examples/master_reader/master_reader.ino	MegaCore:avr:can32:bootloader=no_bootloader,BOD=3v9,LTO=Os,clock=12MHz_external	1.6.13	4340	398	0	false	0	0		0	
2020-06-29 03:24:53	149	149.167	https://travis-ci.org/MCUdude/MegaCore/jobs/702976401	push		false	master	c33c287a1de7916ed5e421af3e0bc9e388d821e0	0c3077bd2f6e...c33c287a1de7	All hardware serial ports may be used to upload	/home/travis/Arduino/hardware/MegaCore/avr/libraries/Wire/examples/slave_sender/slave_sender.ino	MegaCore:avr:can32:bootloader=no_bootloader,BOD=3v9,LTO=Os,clock=12MHz_external	1.6.13	2672	230	0	false	0	0		0	
2020-06-29 03:24:58	149	149.167	https://travis-ci.org/MCUdude/MegaCore/jobs/702976401	push		false	master	c33c287a1de7916ed5e421af3e0bc9e388d821e0	0c3077bd2f6e...c33c287a1de7	All hardware serial ports may be used to upload	/home/travis/Arduino/hardware/MegaCore/avr/libraries/Ethernet/examples/UDPSendReceiveString/UDPSendReceiveString.ino	MegaCore:avr:can32:bootloader=no_bootloader,BOD=3v9,LTO=Os,clock=12MHz_external	1.8.6	11836	597	0	false	0	0		0	
2020-06-29 03:25:02	149	149.167	https://travis-ci.org/MCUdude/MegaCore/jobs/702976401	push		false	master	c33c287a1de7916ed5e421af3e0bc9e388d821e0	0c3077bd2f6e...c33c287a1de7	All hardware serial ports may be used to upload	/home/travis/Arduino/hardware/MegaCore/avr/libraries/Ethernet/examples/TwitterClient/TwitterClient.ino	MegaCore:avr:can32:bootloader=no_bootloader,BOD=3v9,LTO=Os,clock=12MHz_external	1.8.6	18964	870	0	false	0	0		0	
2020-06-29 03:25:06	149	149.167	https://travis-ci.org/MCUdude/MegaCore/jobs/702976401	push		false	master	c33c287a1de7916ed5e421af3e0bc9e388d821e0	0c3077bd2f6e...c33c287a1de7	All hardware serial ports may be used to upload	/home/travis/Arduino/hardware/MegaCore/avr/libraries/Ethernet/examples/WebClientRepeating/WebClientRepeating.ino	MegaCore:avr:can32:bootloader=no_bootloader,BOD=3v9,LTO=Os,clock=12MHz_external	1.8.6	17254	915	0	false	0	0		0	
2020-06-29 03:25:09	149	149.167	https://travis-ci.org/MCUdude/MegaCore/jobs/702976401	push		false	master	c33c287a1de7916ed5e421af3e0bc9e388d821e0	0c3077bd2f6e...c33c287a1de7	All hardware serial ports may be used to upload	/home/travis/Arduino/hardware/MegaCore/avr/libraries/Ethernet/examples/UdpNtpClient/UdpNtpClient.ino	MegaCore:avr:can32:bootloader=no_bootloader,BOD=3v9,LTO=Os,clock=12MHz_external	1.8.6	15280	781	0	false	0	0		0	
2020-06-29 03:25:13	149	149.167	https://travis-ci.org/MCUdude/MegaCore/jobs/702976401	push		false	master	c33c287a1de7916ed5e421af3e0bc9e388d821e0	0c3077bd2f6e...c33c287a1de7	All hardware serial ports may be used to upload	/home/travis/Arduino/hardware/MegaCore/avr/libraries/Ethernet/examples/WebClient/WebClient.ino	MegaCore:avr:can32:bootloader=no_bootloader,BOD=3v9,LTO=Os,clock=12MHz_external	1.8.6	19320	965	0	false	0	0		0	
2020-06-29 03:25:16	149	149.167	https://travis-ci.org/MCUdude/MegaCore/jobs/702976401	push		false	master	c33c287a1de7916ed5e421af3e0bc9e388d821e0	0c3077bd2f6e...c33c287a1de7	All hardware serial ports may be used to upload	/home/travis/Arduino/hardware/MegaCore/avr/libraries/Ethernet/examples/ChatServer/ChatServer.ino	MegaCore:avr:can32:bootloader=no_bootloader,BOD=3v9,LTO=Os,clock=12MHz_external	1.8.6	13712	627	0	false	0	0		0	
2020-06-29 03:25:20	149	149.167	https://travis-ci.org/MCUdude/MegaCore/jobs/702976401	push		false	master	c33c287a1de7916ed5e421af3e0bc9e388d821e0	0c3077bd2f6e...c33c287a1de7	All hardware serial ports may be used to upload	/home/travis/Arduino/hardware/MegaCore/avr/libraries/Ethernet/examples/DhcpAddressPrinter/DhcpAddressPrinter.ino	MegaCore:avr:can32:bootloader=no_bootloader,BOD=3v9,LTO=Os,clock=12MHz_external	1.8.6	14992	748	0	false	0	0		0	
2020-06-29 03:25:23	149	149.167	https://travis-ci.org/MCUdude/MegaCore/jobs/702976401	push		false	master	c33c287a1de7916ed5e421af3e0bc9e388d821e0	0c3077bd2f6e...c33c287a1de7	All hardware serial ports may be used to upload	/home/travis/Arduino/hardware/MegaCore/avr/libraries/Ethernet/examples/XivelyClient/XivelyClient.ino	MegaCore:avr:can32:bootloader=no_bootloader,BOD=3v9,LTO=Os,clock=12MHz_external	1.8.6	17590	830	0	false	0	0		0	
2020-06-29 03:25:27	149	149.167	https://travis-ci.org/MCUdude/MegaCore/jobs/702976401	push		false	master	c33c287a1de7916ed5e421af3e0bc9e388d821e0	0c3077bd2f6e...c33c287a1de7	All hardware serial ports may be used to upload	/home/travis/Arduino/hardware/MegaCore/avr/libraries/Ethernet/examples/XivelyClientString/XivelyClientString.ino	MegaCore:avr:can32:bootloader=no_bootloader,BOD=3v9,LTO=Os,clock=12MHz_external	1.8.6	19416	850	0	false	0	0		0	
2020-06-29 03:25:31	149	149.167	https://travis-ci.org/MCUdude/MegaCore/jobs/702976401	push		false	master	c33c287a1de7916ed5e421af3e0bc9e388d821e0	0c3077bd2f6e...c33c287a1de7	All hardware serial ports may be used to upload	/home/travis/Arduino/hardware/MegaCore/avr/libraries/Ethernet/examples/LinkStatus/LinkStatus.ino	MegaCore:avr:can32:bootloader=no_bootloader,BOD=3v9,LTO=Os,clock=12MHz_external	1.8.6	5122	306	0	false	0	0		0	
2020-06-29 03:25:34	149	149.167	https://travis-ci.org/MCUdude/MegaCore/jobs/702976401	push		false	master	c33c287a1de7916ed5e421af3e0bc9e388d821e0	0c3077bd2f6e...c33c287a1de7	All hardware serial ports may be used to upload	/home/travis/Arduino/hardware/MegaCore/avr/libraries/Ethernet/examples/BarometricPressureWebServer/BarometricPressureWebServer.ino	MegaCore:avr:can32:bootloader=no_bootloader,BOD=3v9,LTO=Os,clock=12MHz_external	1.8.6	18284	688	2	false	0	0		0	
2020-06-29 03:25:38	149	149.167	https://travis-ci.org/MCUdude/MegaCore/jobs/702976401	push		false	master	c33c287a1de7916ed5e421af3e0bc9e388d821e0	0c3077bd2f6e...c33c287a1de7	All hardware serial ports may be used to upload	/home/travis/Arduino/hardware/MegaCore/avr/libraries/Ethernet/examples/DhcpChatServer/DhcpChatServer.ino	MegaCore:avr:can32:bootloader=no_bootloader,BOD=3v9,LTO=Os,clock=12MHz_external	1.8.6	17900	815	0	false	0	0		0	
2020-06-29 03:25:42	149	149.167	https://travis-ci.org/MCUdude/MegaCore/jobs/702976401	push		false	master	c33c287a1de7916ed5e421af3e0bc9e388d821e0	0c3077bd2f6e...c33c287a1de7	All hardware serial ports may be used to upload	/home/travis/Arduino/hardware/MegaCore/avr/libraries/Ethernet/examples/WebServer/WebServer.ino	MegaCore:avr:can32:bootloader=no_bootloader,BOD=3v9,LTO=Os,clock=12MHz_external	1.8.6	14666	750	0	false	0	0		0	
2020-06-29 03:25:45	149	149.167	https://travis-ci.org/MCUdude/MegaCore/jobs/702976401	push		false	master	c33c287a1de7916ed5e421af3e0bc9e388d821e0	0c3077bd2f6e...c33c287a1de7	All hardware serial ports may be used to upload	/home/travis/Arduino/hardware/MegaCore/avr/libraries/Ethernet/examples/TelnetClient/TelnetClient.ino	MegaCore:avr:can32:bootloader=no_bootloader,BOD=3v9,LTO=Os,clock=12MHz_external	1.8.6	13394	607	0	false	0	0		0	
2020-06-29 03:25:49	149	149.167	https://travis-ci.org/MCUdude/MegaCore/jobs/702976401	push		false	master	c33c287a1de7916ed5e421af3e0bc9e388d821e0	0c3077bd2f6e...c33c287a1de7	All hardware serial ports may be used to upload	/home/travis/Arduino/hardware/MegaCore/avr/libraries/Ethernet/examples/PachubeClient/PachubeClient.ino	MegaCore:avr:can32:bootloader=no_bootloader,BOD=3v9,LTO=Os,clock=12MHz_external	1.8.6	17592	832	0	false	0	0		0	
2020-06-29 03:25:52	149	149.167	https://travis-ci.org/MCUdude/MegaCore/jobs/702976401	push		false	master	c33c287a1de7916ed5e421af3e0bc9e388d821e0	0c3077bd2f6e...c33c287a1de7	All hardware serial ports may be used to upload	/home/travis/Arduino/hardware/MegaCore/avr/libraries/Ethernet/examples/PachubeClientString/PachubeClientString.ino	MegaCore:avr:can32:bootloader=no_bootloader,BOD=3v9,LTO=Os,clock=12MHz_external	1.8.6	19418	852	0	false	0	0		0	
2020-06-29 03:25:56	149	149.167	https://travis-ci.org/MCUdude/MegaCore/jobs/702976401	push		false	master	c33c287a1de7916ed5e421af3e0bc9e388d821e0	0c3077bd2f6e...c33c287a1de7	All hardware serial ports may be used to upload	/home/travis/Arduino/hardware/MegaCore/avr/libraries/Ethernet/examples/AdvancedChatServer/AdvancedChatServer.ino	MegaCore:avr:can32:bootloader=no_bootloader,BOD=3v9,LTO=Os,clock=12MHz_external	1.8.6	14454	776	0	false	0	0		0	
2020-06-29 03:25:59	149	149.167	https://travis-ci.org/MCUdude/MegaCore/jobs/702976401	push		false	master	c33c287a1de7916ed5e421af3e0bc9e388d821e0	0c3077bd2f6e...c33c287a1de7	All hardware serial ports may be used to upload	/home/travis/Arduino/hardware/MegaCore/avr/libraries/AVR_examples/examples/Blink_using_Timer0/Blink_using_Timer0.ino	MegaCore:avr:can32:bootloader=no_bootloader,BOD=3v9,LTO=Os,clock=12MHz_external	1.8.6	286	3	0	false	0	0		0	
2020-06-29 03:26:01	149	149.167	https://travis-ci.org/MCUdude/MegaCore/jobs/702976401	push		false	master	c33c287a1de7916ed5e421af3e0bc9e388d821e0	0c3077bd2f6e...c33c287a1de7	All hardware serial ports may be used to upload	/home/travis/Arduino/hardware/MegaCore/avr/libraries/AVR_examples/examples/Read_port_write_port/Read_port_write_port.ino	MegaCore:avr:can32:bootloader=no_bootloader,BOD=3v9,LTO=Os,clock=12MHz_external	1.8.6	188	0	0	false	0	0		0	
2020-06-29 03:26:04	149	149.167	https://travis-ci.org/MCUdude/MegaCore/jobs/702976401	push		false	master	c33c287a1de7916ed5e421af3e0bc9e388d821e0	0c3077bd2f6e...c33c287a1de7	All hardware serial ports may be used to upload	/home/travis/Arduino/hardware/MegaCore/avr/libraries/AVR_examples/examples/Measure_period_length/Measure_period_length.ino	MegaCore:avr:can32:bootloader=no_bootloader,BOD=3v9,LTO=Os,clock=12MHz_external	1.8.6	1836	202	0	false	0	0		0	
2020-06-29 03:26:07	149	149.167	https://travis-ci.org/MCUdude/MegaCore/jobs/702976401	push		false	master	c33c287a1de7916ed5e421af3e0bc9e388d821e0	0c3077bd2f6e...c33c287a1de7	All hardware serial ports may be used to upload	/home/travis/Arduino/hardware/MegaCore/avr/libraries/AVR_examples/examples/Watch_dog_timer/Watch_dog_timer.ino	MegaCore:avr:can32:bootloader=no_bootloader,BOD=3v9,LTO=Os,clock=12MHz_external	1.8.6	278	2	0	false	0	0		0	
2020-06-29 03:26:09	149	149.167	https://travis-ci.org/MCUdude/MegaCore/jobs/702976401	push		false	master	c33c287a1de7916ed5e421af3e0bc9e388d821e0	0c3077bd2f6e...c33c287a1de7	All hardware serial ports may be used to upload	/home/travis/Arduino/hardware/MegaCore/avr/libraries/AVR_examples/examples/Blink/Blink.ino	MegaCore:avr:can32:bootloader=no_bootloader,BOD=3v9,LTO=Os,clock=12MHz_external	1.8.6	220	0	0	false	0	0		0	
2020-06-29 03:26:13	149	149.167	https://travis-ci.org/MCUdude/MegaCore/jobs/702976401	push		false	master	c33c287a1de7916ed5e421af3e0bc9e388d821e0	0c3077bd2f6e...c33c287a1de7	All hardware serial ports may be used to upload	/home/travis/Arduino/hardware/MegaCore/avr/libraries/SD/examples/Datalogger/Datalogger.ino	MegaCore:avr:can32:bootloader=no_bootloader,BOD=3v9,LTO=Os,clock=12MHz_external	1.8.6	14050	945	5	false	0	0		0	
2020-06-29 03:26:16	149	149.167	https://travis-ci.org/MCUdude/MegaCore/jobs/702976401	push		false	master	c33c287a1de7916ed5e421af3e0bc9e388d821e0	0c3077bd2f6e...c33c287a1de7	All hardware serial ports may be used to upload	/home/travis/Arduino/hardware/MegaCore/avr/libraries/SD/examples/CardInfo/CardInfo.ino	MegaCore:avr:can32:bootloader=no_bootloader,BOD=3v9,LTO=Os,clock=12MHz_external	1.8.6	11524	1364	5	false	0	0		0	
2020-06-29 03:26:20	149	149.167	https://travis-ci.org/MCUdude/MegaCore/jobs/702976401	push		false	master	c33c287a1de7916ed5e421af3e0bc9e388d821e0	0c3077bd2f6e...c33c287a1de7	All hardware serial ports may be used to upload	/home/travis/Arduino/hardware/MegaCore/avr/libraries/SD/examples/ReadWrite/ReadWrite.ino	MegaCore:avr:can32:bootloader=no_bootloader,BOD=3v9,LTO=Os,clock=12MHz_external	1.8.6	12898	1014	5	false	0	0		0	
2020-06-29 03:26:23	149	149.167	https://travis-ci.org/MCUdude/MegaCore/jobs/702976401	push		false	master	c33c287a1de7916ed5e421af3e0bc9e388d821e0	0c3077bd2f6e...c33c287a1de7	All hardware serial ports may be used to upload	/home/travis/Arduino/hardware/MegaCore/avr/libraries/SD/examples/listfiles/listfiles.ino	MegaCore:avr:can32:bootloader=no_bootloader,BOD=3v9,LTO=Os,clock=12MHz_external	1.8.6	13638	950	5	false	0	0		0	
2020-06-29 03:26:27	149	149.167	https://travis-ci.org/MCUdude/MegaCore/jobs/702976401	push		false	master	c33c287a1de7916ed5e421af3e0bc9e388d821e0	0c3077bd2f6e...c33c287a1de7	All hardware serial ports may be used to upload	/home/travis/Arduino/hardware/MegaCore/avr/libraries/SD/examples/DumpFile/DumpFile.ino	MegaCore:avr:can32:bootloader=no_bootloader,BOD=3v9,LTO=Os,clock=12MHz_external	1.8.6	12626	943	5	false	0	0		0	
2020-06-29 03:26:30	149	149.167	https://travis-ci.org/MCUdude/MegaCore/jobs/702976401	push		false	master	c33c287a1de7916ed5e421af3e0bc9e388d821e0	0c3077bd2f6e...c33c287a1de7	All hardware serial ports may be used to upload	/home/travis/Arduino/hardware/MegaCore/avr/libraries/SD/examples/Files/Files.ino	MegaCore:avr:can32:bootloader=no_bootloader,BOD=3v9,LTO=Os,clock=12MHz_external	1.8.6	13578	1048	5	false	0	0		0	
2020-06-29 03:26:33	149	149.167	https://travis-ci.org/MCUdude/MegaCore/jobs/702976401	push		false	master	c33c287a1de7916ed5e421af3e0bc9e388d821e0	0c3077bd2f6e...c33c287a1de7	All hardware serial ports may be used to upload	/home/travis/Arduino/hardware/MegaCore/avr/libraries/SoftwareSerial/examples/SoftwareSerialExample/SoftwareSerialExample.ino	MegaCore:avr:can32:bootloader=no_bootloader,BOD=3v9,LTO=Os,clock=12MHz_external	1.8.6	4680	363	0	false	0	0		0	
2020-06-29 03:26:36	149	149.167	https://travis-ci.org/MCUdude/MegaCore/jobs/702976401	push		false	master	c33c287a1de7916ed5e421af3e0bc9e388d821e0	0c3077bd2f6e...c33c287a1de7	All hardware serial ports may be used to upload	/home/travis/Arduino/hardware/MegaCore/avr/libraries/SoftwareSerial/examples/TwoPortReceive/TwoPortReceive.ino	MegaCore:avr:can32:bootloader=no_bootloader,BOD=3v9,LTO=Os,clock=12MHz_external	1.8.6	4766	404	0	false	0	0		0	
2020-06-29 03:26:39	149	149.167	https://travis-ci.org/MCUdude/MegaCore/jobs/702976401	push		false	master	c33c287a1de7916ed5e421af3e0bc9e388d821e0	0c3077bd2f6e...c33c287a1de7	All hardware serial ports may be used to upload	/home/travis/Arduino/hardware/MegaCore/avr/libraries/Servo/examples/Knob/Knob.ino	MegaCore:avr:can32:bootloader=no_bootloader,BOD=3v9,LTO=Os,clock=12MHz_external	1.8.6	3038	56	0	false	0	0		0	
2020-06-29 03:26:41	149	149.167	https://travis-ci.org/MCUdude/MegaCore/jobs/702976401	push		false	master	c33c287a1de7916ed5e421af3e0bc9e388d821e0	0c3077bd2f6e...c33c287a1de7	All hardware serial ports may be used to upload	/home/travis/Arduino/hardware/MegaCore/avr/libraries/Servo/examples/Sweep/Sweep.ino	MegaCore:avr:can32:bootloader=no_bootloader,BOD=3v9,LTO=Os,clock=12MHz_external	1.8.6	2960	52	0	false	0	0		0	
2020-06-29 03:26:44	149	149.167	https://travis-ci.org/MCUdude/MegaCore/jobs/702976401	push		false	master	c33c287a1de7916ed5e421af3e0bc9e388d821e0	0c3077bd2f6e...c33c287a1de7	All hardware serial ports may be used to upload	/home/travis/Arduino/hardware/MegaCore/avr/libraries/EEPROM/examples/eeprom_get/eeprom_get.ino	MegaCore:avr:can32:bootloader=no_bootloader,BOD=3v9,LTO=Os,clock=12MHz_external	1.8.6	4006	258	0	false	0	0		0	
2020-06-29 03:26:47	149	149.167	https://travis-ci.org/MCUdude/MegaCore/jobs/702976401	push		false	master	c33c287a1de7916ed5e421af3e0bc9e388d821e0	0c3077bd2f6e...c33c287a1de7	All hardware serial ports may be used to upload	/home/travis/Arduino/hardware/MegaCore/avr/libraries/EEPROM/examples/eeprom_crc/eeprom_crc.ino	MegaCore:avr:can32:bootloader=no_bootloader,BOD=3v9,LTO=Os,clock=12MHz_external	1.8.6	2528	312	0	false	0	0		0	
2020-06-29 03:26:49	149	149.167	https://travis-ci.org/MCUdude/MegaCore/jobs/702976401	push		false	master	c33c287a1de7916ed5e421af3e0bc9e388d821e0	0c3077bd2f6e...c33c287a1de7	All hardware serial ports may be used to upload	/home/travis/Arduino/hardware/MegaCore/avr/libraries/EEPROM/examples/eeprom_read/eeprom_read.ino	MegaCore:avr:can32:bootloader=no_bootloader,BOD=3v9,LTO=Os,clock=12MHz_external	1.8.6	2426	205	0	false	0	0		0	
2020-06-29 03:26:52	149	149.167	https://travis-ci.org/MCUdude/MegaCore/jobs/702976401	push		false	master	c33c287a1de7916ed5e421af3e0bc9e388d821e0	0c3077bd2f6e...c33c287a1de7	All hardware serial ports may be used to upload	/home/travis/Arduino/hardware/MegaCore/avr/libraries/EEPROM/examples/eeprom_clear/eeprom_clear.ino	MegaCore:avr:can32:bootloader=no_bootloader,BOD=3v9,LTO=Os,clock=12MHz_external	1.8.6	978	9	0	false	0	0		0	
2020-06-29 03:26:55	149	149.167	https://travis-ci.org/MCUdude/MegaCore/jobs/702976401	push		false	master	c33c287a1de7916ed5e421af3e0bc9e388d821e0	0c3077bd2f6e...c33c287a1de7	All hardware serial ports may be used to upload	/home/travis/Arduino/hardware/MegaCore/avr/libraries/EEPROM/examples/eeprom_write/eeprom_write.ino	MegaCore:avr:can32:bootloader=no_bootloader,BOD=3v9,LTO=Os,clock=12MHz_external	1.8.6	1030	13	0	false	0	0		0	
2020-06-29 03:26:57	149	149.167	https://travis-ci.org/MCUdude/MegaCore/jobs/702976401	push		false	master	c33c287a1de7916ed5e421af3e0bc9e388d821e0	0c3077bd2f6e...c33c287a1de7	All hardware serial ports may be used to upload	/home/travis/Arduino/hardware/MegaCore/avr/libraries/EEPROM/examples/eeprom_iteration/eeprom_iteration.ino	MegaCore:avr:can32:bootloader=no_bootloader,BOD=3v9,LTO=Os,clock=12MHz_external	1.8.6	724	9	0	false	0	0		0	
2020-06-29 03:27:00	149	149.167	https://travis-ci.org/MCUdude/MegaCore/jobs/702976401	push		false	master	c33c287a1de7916ed5e421af3e0bc9e388d821e0	0c3077bd2f6e...c33c287a1de7	All hardware serial ports may be used to upload	/home/travis/Arduino/hardware/MegaCore/avr/libraries/EEPROM/examples/eeprom_update/eeprom_update.ino	MegaCore:avr:can32:bootloader=no_bootloader,BOD=3v9,LTO=Os,clock=12MHz_external	1.8.6	1080	13	0	false	0	0		0	
2020-06-29 03:27:02	149	149.167	https://travis-ci.org/MCUdude/MegaCore/jobs/702976401	push		false	master	c33c287a1de7916ed5e421af3e0bc9e388d821e0	0c3077bd2f6e...c33c287a1de7	All hardware serial ports may be used to upload	/home/travis/Arduino/hardware/MegaCore/avr/libraries/EEPROM/examples/eeprom_put/eeprom_put.ino	MegaCore:avr:can32:bootloader=no_bootloader,BOD=3v9,LTO=Os,clock=12MHz_external	1.8.6	2224	342	0	false	0	0		0	
2020-06-29 03:27:05	149	149.167	https://travis-ci.org/MCUdude/MegaCore/jobs/702976401	push		false	master	c33c287a1de7916ed5e421af3e0bc9e388d821e0	0c3077bd2f6e...c33c287a1de7	All hardware serial ports may be used to upload	/home/travis/Arduino/hardware/MegaCore/avr/libraries/Optiboot_flasher/examples/SerialReadWrite/SerialReadWrite.ino	MegaCore:avr:can32:bootloader=no_bootloader,BOD=3v9,LTO=Os,clock=12MHz_external	1.8.6	7656	461	0	false	0	0		0	
2020-06-29 03:27:08	149	149.167	https://travis-ci.org/MCUdude/MegaCore/jobs/702976401	push		false	master	c33c287a1de7916ed5e421af3e0bc9e388d821e0	0c3077bd2f6e...c33c287a1de7	All hardware serial ports may be used to upload	/home/travis/Arduino/hardware/MegaCore/avr/libraries/Timer/examples/Events/Events.ino	MegaCore:avr:can32:bootloader=no_bootloader,BOD=3v9,LTO=Os,clock=12MHz_external	1.8.6	3978	552	0	false	0	0		0	
2020-06-29 03:27:11	149	149.167	https://travis-ci.org/MCUdude/MegaCore/jobs/702976401	push		false	master	c33c287a1de7916ed5e421af3e0bc9e388d821e0	0c3077bd2f6e...c33c287a1de7	All hardware serial ports may be used to upload	/home/travis/Arduino/hardware/MegaCore/avr/libraries/Timer/examples/Pin_high_10_minutes/Pin_high_10_minutes.ino	MegaCore:avr:can32:bootloader=no_bootloader,BOD=3v9,LTO=Os,clock=12MHz_external	1.8.6	1652	205	1	false	0	0		0	
2020-06-29 03:27:14	149	149.167	https://travis-ci.org/MCUdude/MegaCore/jobs/702976401	push		false	master	c33c287a1de7916ed5e421af3e0bc9e388d821e0	0c3077bd2f6e...c33c287a1de7	All hardware serial ports may be used to upload	/home/travis/Arduino/hardware/MegaCore/avr/libraries/Timer/examples/Multitasking/Multitasking.ino	MegaCore:avr:can32:bootloader=no_bootloader,BOD=3v9,LTO=Os,clock=12MHz_external	1.8.6	3516	456	1	false	0	0		0	
2020-06-29 03:27:16	149	149.167	https://travis-ci.org/MCUdude/MegaCore/jobs/702976401	push		false	master	c33c287a1de7916ed5e421af3e0bc9e388d821e0	0c3077bd2f6e...c33c287a1de7	All hardware serial ports may be used to upload	/home/travis/Arduino/hardware/MegaCore/avr/libraries/Timer/examples/TimerTest/TimerTest.ino	MegaCore:avr:can32:bootloader=no_bootloader,BOD=3v9,LTO=Os,clock=12MHz_external	1.8.6	1616	203	0	false	0	0		0	
2020-06-29 03:27:19	149	149.167	https://travis-ci.org/MCUdude/MegaCore/jobs/702976401	push		false	master	c33c287a1de7916ed5e421af3e0bc9e388d821e0	0c3077bd2f6e...c33c287a1de7	All hardware serial ports may be used to upload	/home/travis/Arduino/hardware/MegaCore/avr/libraries/SPI/examples/BarometricPressureSensor/BarometricPressureSensor.ino	MegaCore:avr:can32:bootloader=no_bootloader,BOD=3v9,LTO=Os,clock=12MHz_external	1.8.6	7002	237	1	false	0	0		0	
2020-06-29 03:27:22	149	149.167	https://travis-ci.org/MCUdude/MegaCore/jobs/702976401	push		false	master	c33c287a1de7916ed5e421af3e0bc9e388d821e0	0c3077bd2f6e...c33c287a1de7	All hardware serial ports may be used to upload	/home/travis/Arduino/hardware/MegaCore/avr/libraries/SPI/examples/DigitalPotControl/DigitalPotControl.ino	MegaCore:avr:can32:bootloader=no_bootloader,BOD=3v9,LTO=Os,clock=12MHz_external	1.8.6	1648	10	0	false	0	0		0	
2020-06-29 03:27:25	149	149.167	https://travis-ci.org/MCUdude/MegaCore/jobs/702976401	push		false	master	c33c287a1de7916ed5e421af3e0bc9e388d821e0	0c3077bd2f6e...c33c287a1de7	All hardware serial ports may be used to upload	/home/travis/Arduino/hardware/MegaCore/avr/libraries/Wire/examples/i2c_scanner/i2c_scanner.ino	MegaCore:avr:can32:bootloader=no_bootloader,BOD=3v9,LTO=Os,clock=12MHz_external	1.8.6	4582	532	0	false	0	0		0	
2020-06-29 03:27:28	149	149.167	https://travis-ci.org/MCUdude/MegaCore/jobs/702976401	push		false	master	c33c287a1de7916ed5e421af3e0bc9e388d821e0	0c3077bd2f6e...c33c287a1de7	All hardware serial ports may be used to upload	/home/travis/Arduino/hardware/MegaCore/avr/libraries/Wire/examples/SFRRanger_reader/SFRRanger_reader.ino	MegaCore:avr:can32:bootloader=no_bootloader,BOD=3v9,LTO=Os,clock=12MHz_external	1.8.6	4876	416	0	false	0	0		0	
2020-06-29 03:27:31	149	149.167	https://travis-ci.org/MCUdude/MegaCore/jobs/702976401	push		false	master	c33c287a1de7916ed5e421af3e0bc9e388d821e0	0c3077bd2f6e...c33c287a1de7	All hardware serial ports may be used to upload	/home/travis/Arduino/hardware/MegaCore/avr/libraries/Wire/examples/master_writer/master_writer.ino	MegaCore:avr:can32:bootloader=no_bootloader,BOD=3v9,LTO=Os,clock=12MHz_external	1.8.6	2876	230	0	false	0	0		0	
2020-06-29 03:27:33	149	149.167	https://travis-ci.org/MCUdude/MegaCore/jobs/702976401	push		false	master	c33c287a1de7916ed5e421af3e0bc9e388d821e0	0c3077bd2f6e...c33c287a1de7	All hardware serial ports may be used to upload	/home/travis/Arduino/hardware/MegaCore/avr/libraries/Wire/examples/digital_potentiometer/digital_potentiometer.ino	MegaCore:avr:can32:bootloader=no_bootloader,BOD=3v9,LTO=Os,clock=12MHz_external	1.8.6	2874	224	0	false	0	0		0	
2020-06-29 03:27:36	149	149.167	https://travis-ci.org/MCUdude/MegaCore/jobs/702976401	push		false	master	c33c287a1de7916ed5e421af3e0bc9e388d821e0	0c3077bd2f6e...c33c287a1de7	All hardware serial ports may be used to upload	/home/travis/Arduino/hardware/MegaCore/avr/libraries/Wire/examples/slave_receiver/slave_receiver.ino	MegaCore:avr:can32:bootloader=no_bootloader,BOD=3v9,LTO=Os,clock=12MHz_external	1.8.6	4228	413	1	false	0	0		0	
2020-06-29 03:27:39	149	149.167	https://travis-ci.org/MCUdude/MegaCore/jobs/702976401	push		false	master	c33c287a1de7916ed5e421af3e0bc9e388d821e0	0c3077bd2f6e...c33c287a1de7	All hardware serial ports may be used to upload	/home/travis/Arduino/hardware/MegaCore/avr/libraries/Wire/examples/master_reader/master_reader.ino	MegaCore:avr:can32:bootloader=no_bootloader,BOD=3v9,LTO=Os,clock=12MHz_external	1.8.6	4342	398	0	false	0	0		0	
2020-06-29 03:27:42	149	149.167	https://travis-ci.org/MCUdude/MegaCore/jobs/702976401	push		false	master	c33c287a1de7916ed5e421af3e0bc9e388d821e0	0c3077bd2f6e...c33c287a1de7	All hardware serial ports may be used to upload	/home/travis/Arduino/hardware/MegaCore/avr/libraries/Wire/examples/slave_sender/slave_sender.ino	MegaCore:avr:can32:bootloader=no_bootloader,BOD=3v9,LTO=Os,clock=12MHz_external	1.8.6	2650	230	0	false	0	0		0	
2020-06-29 03:27:49	149	149.167	https://travis-ci.org/MCUdude/MegaCore/jobs/702976401	push		false	master	c33c287a1de7916ed5e421af3e0bc9e388d821e0	0c3077bd2f6e...c33c287a1de7	All hardware serial ports may be used to upload	/home/travis/Arduino/hardware/MegaCore/avr/libraries/Ethernet/examples/UDPSendReceiveString/UDPSendReceiveString.ino	MegaCore:avr:can32:bootloader=no_bootloader,BOD=3v9,LTO=Os,clock=12MHz_external	1.8.13	11760	585	1	false	0	0		0	
2020-06-29 03:27:53	149	149.167	https://travis-ci.org/MCUdude/MegaCore/jobs/702976401	push		false	master	c33c287a1de7916ed5e421af3e0bc9e388d821e0	0c3077bd2f6e...c33c287a1de7	All hardware serial ports may be used to upload	/home/travis/Arduino/hardware/MegaCore/avr/libraries/Ethernet/examples/TwitterClient/TwitterClient.ino	MegaCore:avr:can32:bootloader=no_bootloader,BOD=3v9,LTO=Os,clock=12MHz_external	1.8.13	18858	858	1	false	0	0		0	
2020-06-29 03:27:57	149	149.167	https://travis-ci.org/MCUdude/MegaCore/jobs/702976401	push		false	master	c33c287a1de7916ed5e421af3e0bc9e388d821e0	0c3077bd2f6e...c33c287a1de7	All hardware serial ports may be used to upload	/home/travis/Arduino/hardware/MegaCore/avr/libraries/Ethernet/examples/WebClientRepeating/WebClientRepeating.ino	MegaCore:avr:can32:bootloader=no_bootloader,BOD=3v9,LTO=Os,clock=12MHz_external	1.8.13	17156	903	1	false	0	0		0	
2020-06-29 03:28:01	149	149.167	https://travis-ci.org/MCUdude/MegaCore/jobs/702976401	push		false	master	c33c287a1de7916ed5e421af3e0bc9e388d821e0	0c3077bd2f6e...c33c287a1de7	All hardware serial ports may be used to upload	/home/travis/Arduino/hardware/MegaCore/avr/libraries/Ethernet/examples/UdpNtpClient/UdpNtpClient.ino	MegaCore:avr:can32:bootloader=no_bootloader,BOD=3v9,LTO=Os,clock=12MHz_external	1.8.13	15196	769	1	false	0	0		0	
2020-06-29 03:28:05	149	149.167	https://travis-ci.org/MCUdude/MegaCore/jobs/702976401	push		false	master	c33c287a1de7916ed5e421af3e0bc9e388d821e0	0c3077bd2f6e...c33c287a1de7	All hardware serial ports may be used to upload	/home/travis/Arduino/hardware/MegaCore/avr/libraries/Ethernet/examples/WebClient/WebClient.ino	MegaCore:avr:can32:bootloader=no_bootloader,BOD=3v9,LTO=Os,clock=12MHz_external	1.8.13	19254	965	1	false	0	0		0	
2020-06-29 03:28:09	149	149.167	https://travis-ci.org/MCUdude/MegaCore/jobs/702976401	push		false	master	c33c287a1de7916ed5e421af3e0bc9e388d821e0	0c3077bd2f6e...c33c287a1de7	All hardware serial ports may be used to upload	/home/travis/Arduino/hardware/MegaCore/avr/libraries/Ethernet/examples/ChatServer/ChatServer.ino	MegaCore:avr:can32:bootloader=no_bootloader,BOD=3v9,LTO=Os,clock=12MHz_external	1.8.13	13636	615	1	false	0	0		0	
2020-06-29 03:28:13	149	149.167	https://travis-ci.org/MCUdude/MegaCore/jobs/702976401	push		false	master	c33c287a1de7916ed5e421af3e0bc9e388d821e0	0c3077bd2f6e...c33c287a1de7	All hardware serial ports may be used to upload	/home/travis/Arduino/hardware/MegaCore/avr/libraries/Ethernet/examples/DhcpAddressPrinter/DhcpAddressPrinter.ino	MegaCore:avr:can32:bootloader=no_bootloader,BOD=3v9,LTO=Os,clock=12MHz_external	1.8.13	14912	736	1	false	0	0		0	
2020-06-29 03:28:17	149	149.167	https://travis-ci.org/MCUdude/MegaCore/jobs/702976401	push		false	master	c33c287a1de7916ed5e421af3e0bc9e388d821e0	0c3077bd2f6e...c33c287a1de7	All hardware serial ports may be used to upload	/home/travis/Arduino/hardware/MegaCore/avr/libraries/Ethernet/examples/XivelyClient/XivelyClient.ino	MegaCore:avr:can32:bootloader=no_bootloader,BOD=3v9,LTO=Os,clock=12MHz_external	1.8.13	17484	818	1	false	0	0		0	
2020-06-29 03:28:22	149	149.167	https://travis-ci.org/MCUdude/MegaCore/jobs/702976401	push		false	master	c33c287a1de7916ed5e421af3e0bc9e388d821e0	0c3077bd2f6e...c33c287a1de7	All hardware serial ports may be used to upload	/home/travis/Arduino/hardware/MegaCore/avr/libraries/Ethernet/examples/XivelyClientString/XivelyClientString.ino	MegaCore:avr:can32:bootloader=no_bootloader,BOD=3v9,LTO=Os,clock=12MHz_external	1.8.13	19298	838	1	false	0	0		0	
2020-06-29 03:28:26	149	149.167	https://travis-ci.org/MCUdude/MegaCore/jobs/702976401	push		false	master	c33c287a1de7916ed5e421af3e0bc9e388d821e0	0c3077bd2f6e...c33c287a1de7	All hardware serial ports may be used to upload	/home/travis/Arduino/hardware/MegaCore/avr/libraries/Ethernet/examples/LinkStatus/LinkStatus.ino	MegaCore:avr:can32:bootloader=no_bootloader,BOD=3v9,LTO=Os,clock=12MHz_external	1.8.13	5076	294	1	false	0	0		0	
2020-06-29 03:28:30	149	149.167	https://travis-ci.org/MCUdude/MegaCore/jobs/702976401	push		false	master	c33c287a1de7916ed5e421af3e0bc9e388d821e0	0c3077bd2f6e...c33c287a1de7	All hardware serial ports may be used to upload	/home/travis/Arduino/hardware/MegaCore/avr/libraries/Ethernet/examples/BarometricPressureWebServer/BarometricPressureWebServer.ino	MegaCore:avr:can32:bootloader=no_bootloader,BOD=3v9,LTO=Os,clock=12MHz_external	1.8.13	18194	688	3	false	0	0		0	
2020-06-29 03:28:34	149	149.167	https://travis-ci.org/MCUdude/MegaCore/jobs/702976401	push		false	master	c33c287a1de7916ed5e421af3e0bc9e388d821e0	0c3077bd2f6e...c33c287a1de7	All hardware serial ports may be used to upload	/home/travis/Arduino/hardware/MegaCore/avr/libraries/Ethernet/examples/DhcpChatServer/DhcpChatServer.ino	MegaCore:avr:can32:bootloader=no_bootloader,BOD=3v9,LTO=Os,clock=12MHz_external	1.8.13	17824	803	1	false	0	0		0	
2020-06-29 03:28:38	149	149.167	https://travis-ci.org/MCUdude/MegaCore/jobs/702976401	push		false	master	c33c287a1de7916ed5e421af3e0bc9e388d821e0	0c3077bd2f6e...c33c287a1de7	All hardware serial ports may be used to upload	/home/travis/Arduino/hardware/MegaCore/avr/libraries/Ethernet/examples/WebServer/WebServer.ino	MegaCore:avr:can32:bootloader=no_bootloader,BOD=3v9,LTO=Os,clock=12MHz_external	1.8.13	14582	738	1	false	0	0		0	
2020-06-29 03:28:42	149	149.167	https://travis-ci.org/MCUdude/MegaCore/jobs/702976401	push		false	master	c33c287a1de7916ed5e421af3e0bc9e388d821e0	0c3077bd2f6e...c33c287a1de7	All hardware serial ports may be used to upload	/home/travis/Arduino/hardware/MegaCore/avr/libraries/Ethernet/examples/TelnetClient/TelnetClient.ino	MegaCore:avr:can32:bootloader=no_bootloader,BOD=3v9,LTO=Os,clock=12MHz_external	1.8.13	13286	595	1	false	0	0		0	
2020-06-29 03:28:46	149	149.167	https://travis-ci.org/MCUdude/MegaCore/jobs/702976401	push		false	master	c33c287a1de7916ed5e421af3e0bc9e388d821e0	0c3077bd2f6e...c33c287a1de7	All hardware serial ports may be used to upload	/home/travis/Arduino/hardware/MegaCore/avr/libraries/Ethernet/examples/PachubeClient/PachubeClient.ino	MegaCore:avr:can32:bootloader=no_bootloader,BOD=3v9,LTO=Os,clock=12MHz_external	1.8.13	17486	820	1	false	0	0		0	
2020-06-29 03:28:50	149	149.167	https://travis-ci.org/MCUdude/MegaCore/jobs/702976401	push		false	master	c33c287a1de7916ed5e421af3e0bc9e388d821e0	0c3077bd2f6e...c33c287a1de7	All hardware serial ports may be used to upload	/home/travis/Arduino/hardware/MegaCore/avr/libraries/Ethernet/examples/PachubeClientString/PachubeClientString.ino	MegaCore:avr:can32:bootloader=no_bootloader,BOD=3v9,LTO=Os,clock=12MHz_external	1.8.13	19300	840	1	false	0	0		0	
2020-06-29 03:28:54	149	149.167	https://travis-ci.org/MCUdude/MegaCore/jobs/702976401	push		false	master	c33c287a1de7916ed5e421af3e0bc9e388d821e0	0c3077bd2f6e...c33c287a1de7	All hardware serial ports may be used to upload	/home/travis/Arduino/hardware/MegaCore/avr/libraries/Ethernet/examples/AdvancedChatServer/AdvancedChatServer.ino	MegaCore:avr:can32:bootloader=no_bootloader,BOD=3v9,LTO=Os,clock=12MHz_external	1.8.13	14434	764	1	false	0	0		0	
2020-06-29 03:28:57	149	149.167	https://travis-ci.org/MCUdude/MegaCore/jobs/702976401	push		false	master	c33c287a1de7916ed5e421af3e0bc9e388d821e0	0c3077bd2f6e...c33c287a1de7	All hardware serial ports may be used to upload	/home/travis/Arduino/hardware/MegaCore/avr/libraries/AVR_examples/examples/Blink_using_Timer0/Blink_using_Timer0.ino	MegaCore:avr:can32:bootloader=no_bootloader,BOD=3v9,LTO=Os,clock=12MHz_external	1.8.13	286	3	0	false	0	0		0	
2020-06-29 03:29:00	149	149.167	https://travis-ci.org/MCUdude/MegaCore/jobs/702976401	push		false	master	c33c287a1de7916ed5e421af3e0bc9e388d821e0	0c3077bd2f6e...c33c287a1de7	All hardware serial ports may be used to upload	/home/travis/Arduino/hardware/MegaCore/avr/libraries/AVR_examples/examples/Read_port_write_port/Read_port_write_port.ino	MegaCore:avr:can32:bootloader=no_bootloader,BOD=3v9,LTO=Os,clock=12MHz_external	1.8.13	188	0	0	false	0	0		0	
2020-06-29 03:29:04	149	149.167	https://travis-ci.org/MCUdude/MegaCore/jobs/702976401	push		false	master	c33c287a1de7916ed5e421af3e0bc9e388d821e0	0c3077bd2f6e...c33c287a1de7	All hardware serial ports may be used to upload	/home/travis/Arduino/hardware/MegaCore/avr/libraries/AVR_examples/examples/Measure_period_length/Measure_period_length.ino	MegaCore:avr:can32:bootloader=no_bootloader,BOD=3v9,LTO=Os,clock=12MHz_external	1.8.13	1814	190	0	false	0	0		0	
2020-06-29 03:29:07	149	149.167	https://travis-ci.org/MCUdude/MegaCore/jobs/702976401	push		false	master	c33c287a1de7916ed5e421af3e0bc9e388d821e0	0c3077bd2f6e...c33c287a1de7	All hardware serial ports may be used to upload	/home/travis/Arduino/hardware/MegaCore/avr/libraries/AVR_examples/examples/Watch_dog_timer/Watch_dog_timer.ino	MegaCore:avr:can32:bootloader=no_bootloader,BOD=3v9,LTO=Os,clock=12MHz_external	1.8.13	278	2	0	false	0	0		0	
2020-06-29 03:29:10	149	149.167	https://travis-ci.org/MCUdude/MegaCore/jobs/702976401	push		false	master	c33c287a1de7916ed5e421af3e0bc9e388d821e0	0c3077bd2f6e...c33c287a1de7	All hardware serial ports may be used to upload	/home/travis/Arduino/hardware/MegaCore/avr/libraries/AVR_examples/examples/Blink/Blink.ino	MegaCore:avr:can32:bootloader=no_bootloader,BOD=3v9,LTO=Os,clock=12MHz_external	1.8.13	220	0	0	false	0	0		0	
2020-06-29 03:29:13	149	149.167	https://travis-ci.org/MCUdude/MegaCore/jobs/702976401	push		false	master	c33c287a1de7916ed5e421af3e0bc9e388d821e0	0c3077bd2f6e...c33c287a1de7	All hardware serial ports may be used to upload	/home/travis/Arduino/hardware/MegaCore/avr/libraries/SD/examples/Datalogger/Datalogger.ino	MegaCore:avr:can32:bootloader=no_bootloader,BOD=3v9,LTO=Os,clock=12MHz_external	1.8.13	13996	933	5	false	0	0		0	
2020-06-29 03:29:17	149	149.167	https://travis-ci.org/MCUdude/MegaCore/jobs/702976401	push		false	master	c33c287a1de7916ed5e421af3e0bc9e388d821e0	0c3077bd2f6e...c33c287a1de7	All hardware serial ports may be used to upload	/home/travis/Arduino/hardware/MegaCore/avr/libraries/SD/examples/CardInfo/CardInfo.ino	MegaCore:avr:can32:bootloader=no_bootloader,BOD=3v9,LTO=Os,clock=12MHz_external	1.8.13	11510	1352	5	false	0	0		0	
2020-06-29 03:29:21	149	149.167	https://travis-ci.org/MCUdude/MegaCore/jobs/702976401	push		false	master	c33c287a1de7916ed5e421af3e0bc9e388d821e0	0c3077bd2f6e...c33c287a1de7	All hardware serial ports may be used to upload	/home/travis/Arduino/hardware/MegaCore/avr/libraries/SD/examples/ReadWrite/ReadWrite.ino	MegaCore:avr:can32:bootloader=no_bootloader,BOD=3v9,LTO=Os,clock=12MHz_external	1.8.13	12896	1002	5	false	0	0		0	
2020-06-29 03:29:25	149	149.167	https://travis-ci.org/MCUdude/MegaCore/jobs/702976401	push		false	master	c33c287a1de7916ed5e421af3e0bc9e388d821e0	0c3077bd2f6e...c33c287a1de7	All hardware serial ports may be used to upload	/home/travis/Arduino/hardware/MegaCore/avr/libraries/SD/examples/listfiles/listfiles.ino	MegaCore:avr:can32:bootloader=no_bootloader,BOD=3v9,LTO=Os,clock=12MHz_external	1.8.13	13714	938	5	false	0	0		0	
2020-06-29 03:29:29	149	149.167	https://travis-ci.org/MCUdude/MegaCore/jobs/702976401	push		false	master	c33c287a1de7916ed5e421af3e0bc9e388d821e0	0c3077bd2f6e...c33c287a1de7	All hardware serial ports may be used to upload	/home/travis/Arduino/hardware/MegaCore/avr/libraries/SD/examples/DumpFile/DumpFile.ino	MegaCore:avr:can32:bootloader=no_bootloader,BOD=3v9,LTO=Os,clock=12MHz_external	1.8.13	12624	931	5	false	0	0		0	
2020-06-29 03:29:33	149	149.167	https://travis-ci.org/MCUdude/MegaCore/jobs/702976401	push		false	master	c33c287a1de7916ed5e421af3e0bc9e388d821e0	0c3077bd2f6e...c33c287a1de7	All hardware serial ports may be used to upload	/home/travis/Arduino/hardware/MegaCore/avr/libraries/SD/examples/Files/Files.ino	MegaCore:avr:can32:bootloader=no_bootloader,BOD=3v9,LTO=Os,clock=12MHz_external	1.8.13	13570	1036	5	false	0	0		0	
2020-06-29 03:29:36	149	149.167	https://travis-ci.org/MCUdude/MegaCore/jobs/702976401	push		false	master	c33c287a1de7916ed5e421af3e0bc9e388d821e0	0c3077bd2f6e...c33c287a1de7	All hardware serial ports may be used to upload	/home/travis/Arduino/hardware/MegaCore/avr/libraries/SoftwareSerial/examples/SoftwareSerialExample/SoftwareSerialExample.ino	MegaCore:avr:can32:bootloader=no_bootloader,BOD=3v9,LTO=Os,clock=12MHz_external	1.8.13	4660	351	0	false	0	0		0	
2020-06-29 03:29:39	149	149.167	https://travis-ci.org/MCUdude/MegaCore/jobs/702976401	push		false	master	c33c287a1de7916ed5e421af3e0bc9e388d821e0	0c3077bd2f6e...c33c287a1de7	All hardware serial ports may be used to upload	/home/travis/Arduino/hardware/MegaCore/avr/libraries/SoftwareSerial/examples/TwoPortReceive/TwoPortReceive.ino	MegaCore:avr:can32:bootloader=no_bootloader,BOD=3v9,LTO=Os,clock=12MHz_external	1.8.13	4746	392	0	false	0	0		0	
2020-06-29 03:29:42	149	149.167	https://travis-ci.org/MCUdude/MegaCore/jobs/702976401	push		false	master	c33c287a1de7916ed5e421af3e0bc9e388d821e0	0c3077bd2f6e...c33c287a1de7	All hardware serial ports may be used to upload	/home/travis/Arduino/hardware/MegaCore/avr/libraries/Servo/examples/Knob/Knob.ino	MegaCore:avr:can32:bootloader=no_bootloader,BOD=3v9,LTO=Os,clock=12MHz_external	1.8.13	3004	56	0	false	0	0		0	
2020-06-29 03:29:45	149	149.167	https://travis-ci.org/MCUdude/MegaCore/jobs/702976401	push		false	master	c33c287a1de7916ed5e421af3e0bc9e388d821e0	0c3077bd2f6e...c33c287a1de7	All hardware serial ports may be used to upload	/home/travis/Arduino/hardware/MegaCore/avr/libraries/Servo/examples/Sweep/Sweep.ino	MegaCore:avr:can32:bootloader=no_bootloader,BOD=3v9,LTO=Os,clock=12MHz_external	1.8.13	2932	52	0	false	0	0		0	
2020-06-29 03:29:48	149	149.167	https://travis-ci.org/MCUdude/MegaCore/jobs/702976401	push		false	master	c33c287a1de7916ed5e421af3e0bc9e388d821e0	0c3077bd2f6e...c33c287a1de7	All hardware serial ports may be used to upload	/home/travis/Arduino/hardware/MegaCore/avr/libraries/EEPROM/examples/eeprom_get/eeprom_get.ino	MegaCore:avr:can32:bootloader=no_bootloader,BOD=3v9,LTO=Os,clock=12MHz_external	1.8.13	4010	258	0	false	0	0		0	
2020-06-29 03:29:51	149	149.167	https://travis-ci.org/MCUdude/MegaCore/jobs/702976401	push		false	master	c33c287a1de7916ed5e421af3e0bc9e388d821e0	0c3077bd2f6e...c33c287a1de7	All hardware serial ports may be used to upload	/home/travis/Arduino/hardware/MegaCore/avr/libraries/EEPROM/examples/eeprom_crc/eeprom_crc.ino	MegaCore:avr:can32:bootloader=no_bootloader,BOD=3v9,LTO=Os,clock=12MHz_external	1.8.13	2510	300	0	false	0	0		0	
2020-06-29 03:29:54	149	149.167	https://travis-ci.org/MCUdude/MegaCore/jobs/702976401	push		false	master	c33c287a1de7916ed5e421af3e0bc9e388d821e0	0c3077bd2f6e...c33c287a1de7	All hardware serial ports may be used to upload	/home/travis/Arduino/hardware/MegaCore/avr/libraries/EEPROM/examples/eeprom_read/eeprom_read.ino	MegaCore:avr:can32:bootloader=no_bootloader,BOD=3v9,LTO=Os,clock=12MHz_external	1.8.13	2400	193	0	false	0	0		0	
2020-06-29 03:29:57	149	149.167	https://travis-ci.org/MCUdude/MegaCore/jobs/702976401	push		false	master	c33c287a1de7916ed5e421af3e0bc9e388d821e0	0c3077bd2f6e...c33c287a1de7	All hardware serial ports may be used to upload	/home/travis/Arduino/hardware/MegaCore/avr/libraries/EEPROM/examples/eeprom_clear/eeprom_clear.ino	MegaCore:avr:can32:bootloader=no_bootloader,BOD=3v9,LTO=Os,clock=12MHz_external	1.8.13	974	9	0	false	0	0		0	
2020-06-29 03:30:00	149	149.167	https://travis-ci.org/MCUdude/MegaCore/jobs/702976401	push		false	master	c33c287a1de7916ed5e421af3e0bc9e388d821e0	0c3077bd2f6e...c33c287a1de7	All hardware serial ports may be used to upload	/home/travis/Arduino/hardware/MegaCore/avr/libraries/EEPROM/examples/eeprom_write/eeprom_write.ino	MegaCore:avr:can32:bootloader=no_bootloader,BOD=3v9,LTO=Os,clock=12MHz_external	1.8.13	1018	13	0	false	0	0		0	
2020-06-29 03:30:03	149	149.167	https://travis-ci.org/MCUdude/MegaCore/jobs/702976401	push		false	master	c33c287a1de7916ed5e421af3e0bc9e388d821e0	0c3077bd2f6e...c33c287a1de7	All hardware serial ports may be used to upload	/home/travis/Arduino/hardware/MegaCore/avr/libraries/EEPROM/examples/eeprom_iteration/eeprom_iteration.ino	MegaCore:avr:can32:bootloader=no_bootloader,BOD=3v9,LTO=Os,clock=12MHz_external	1.8.13	724	9	0	false	0	0		0	
2020-06-29 03:30:06	149	149.167	https://travis-ci.org/MCUdude/MegaCore/jobs/702976401	push		false	master	c33c287a1de7916ed5e421af3e0bc9e388d821e0	0c3077bd2f6e...c33c287a1de7	All hardware serial ports may be used to upload	/home/travis/Arduino/hardware/MegaCore/avr/libraries/EEPROM/examples/eeprom_update/eeprom_update.ino	MegaCore:avr:can32:bootloader=no_bootloader,BOD=3v9,LTO=Os,clock=12MHz_external	1.8.13	1068	13	0	false	0	0		0	
2020-06-29 03:30:10	149	149.167	https://travis-ci.org/MCUdude/MegaCore/jobs/702976401	push		false	master	c33c287a1de7916ed5e421af3e0bc9e388d821e0	0c3077bd2f6e...c33c287a1de7	All hardware serial ports may be used to upload	/home/travis/Arduino/hardware/MegaCore/avr/libraries/EEPROM/examples/eeprom_put/eeprom_put.ino	MegaCore:avr:can32:bootloader=no_bootloader,BOD=3v9,LTO=Os,clock=12MHz_external	1.8.13	2208	330	0	false	0	0		0	
2020-06-29 03:30:13	149	149.167	https://travis-ci.org/MCUdude/MegaCore/jobs/702976401	push		false	master	c33c287a1de7916ed5e421af3e0bc9e388d821e0	0c3077bd2f6e...c33c287a1de7	All hardware serial ports may be used to upload	/home/travis/Arduino/hardware/MegaCore/avr/libraries/Optiboot_flasher/examples/SerialReadWrite/SerialReadWrite.ino	MegaCore:avr:can32:bootloader=no_bootloader,BOD=3v9,LTO=Os,clock=12MHz_external	1.8.13	7574	449	0	false	0	0		0	
2020-06-29 03:30:16	149	149.167	https://travis-ci.org/MCUdude/MegaCore/jobs/702976401	push		false	master	c33c287a1de7916ed5e421af3e0bc9e388d821e0	0c3077bd2f6e...c33c287a1de7	All hardware serial ports may be used to upload	/home/travis/Arduino/hardware/MegaCore/avr/libraries/Timer/examples/Events/Events.ino	MegaCore:avr:can32:bootloader=no_bootloader,BOD=3v9,LTO=Os,clock=12MHz_external	1.8.13	3958	540	0	false	0	0		0	
2020-06-29 03:30:19	149	149.167	https://travis-ci.org/MCUdude/MegaCore/jobs/702976401	push		false	master	c33c287a1de7916ed5e421af3e0bc9e388d821e0	0c3077bd2f6e...c33c287a1de7	All hardware serial ports may be used to upload	/home/travis/Arduino/hardware/MegaCore/avr/libraries/Timer/examples/Pin_high_10_minutes/Pin_high_10_minutes.ino	MegaCore:avr:can32:bootloader=no_bootloader,BOD=3v9,LTO=Os,clock=12MHz_external	1.8.13	1644	205	1	false	0	0		0	
2020-06-29 03:30:22	149	149.167	https://travis-ci.org/MCUdude/MegaCore/jobs/702976401	push		false	master	c33c287a1de7916ed5e421af3e0bc9e388d821e0	0c3077bd2f6e...c33c287a1de7	All hardware serial ports may be used to upload	/home/travis/Arduino/hardware/MegaCore/avr/libraries/Timer/examples/Multitasking/Multitasking.ino	MegaCore:avr:can32:bootloader=no_bootloader,BOD=3v9,LTO=Os,clock=12MHz_external	1.8.13	3482	444	1	false	0	0		0	
2020-06-29 03:30:25	149	149.167	https://travis-ci.org/MCUdude/MegaCore/jobs/702976401	push		false	master	c33c287a1de7916ed5e421af3e0bc9e388d821e0	0c3077bd2f6e...c33c287a1de7	All hardware serial ports may be used to upload	/home/travis/Arduino/hardware/MegaCore/avr/libraries/Timer/examples/TimerTest/TimerTest.ino	MegaCore:avr:can32:bootloader=no_bootloader,BOD=3v9,LTO=Os,clock=12MHz_external	1.8.13	1608	203	0	false	0	0		0	
2020-06-29 03:30:28	149	149.167	https://travis-ci.org/MCUdude/MegaCore/jobs/702976401	push		false	master	c33c287a1de7916ed5e421af3e0bc9e388d821e0	0c3077bd2f6e...c33c287a1de7	All hardware serial ports may be used to upload	/home/travis/Arduino/hardware/MegaCore/avr/libraries/SPI/examples/BarometricPressureSensor/BarometricPressureSensor.ino	MegaCore:avr:can32:bootloader=no_bootloader,BOD=3v9,LTO=Os,clock=12MHz_external	1.8.13	6964	237	1	false	0	0		0	
2020-06-29 03:30:31	149	149.167	https://travis-ci.org/MCUdude/MegaCore/jobs/702976401	push		false	master	c33c287a1de7916ed5e421af3e0bc9e388d821e0	0c3077bd2f6e...c33c287a1de7	All hardware serial ports may be used to upload	/home/travis/Arduino/hardware/MegaCore/avr/libraries/SPI/examples/DigitalPotControl/DigitalPotControl.ino	MegaCore:avr:can32:bootloader=no_bootloader,BOD=3v9,LTO=Os,clock=12MHz_external	1.8.13	1638	10	0	false	0	0		0	
2020-06-29 03:30:34	149	149.167	https://travis-ci.org/MCUdude/MegaCore/jobs/702976401	push		false	master	c33c287a1de7916ed5e421af3e0bc9e388d821e0	0c3077bd2f6e...c33c287a1de7	All hardware serial ports may be used to upload	/home/travis/Arduino/hardware/MegaCore/avr/libraries/Wire/examples/i2c_scanner/i2c_scanner.ino	MegaCore:avr:can32:bootloader=no_bootloader,BOD=3v9,LTO=Os,clock=12MHz_external	1.8.13	4522	520	0	false	0	0		0	
2020-06-29 03:30:38	149	149.167	https://travis-ci.org/MCUdude/MegaCore/jobs/702976401	push		false	master	c33c287a1de7916ed5e421af3e0bc9e388d821e0	0c3077bd2f6e...c33c287a1de7	All hardware serial ports may be used to upload	/home/travis/Arduino/hardware/MegaCore/avr/libraries/Wire/examples/SFRRanger_reader/SFRRanger_reader.ino	MegaCore:avr:can32:bootloader=no_bootloader,BOD=3v9,LTO=Os,clock=12MHz_external	1.8.13	4796	404	0	false	0	0		0	
2020-06-29 03:30:41	149	149.167	https://travis-ci.org/MCUdude/MegaCore/jobs/702976401	push		false	master	c33c287a1de7916ed5e421af3e0bc9e388d821e0	0c3077bd2f6e...c33c287a1de7	All hardware serial ports may be used to upload	/home/travis/Arduino/hardware/MegaCore/avr/libraries/Wire/examples/master_writer/master_writer.ino	MegaCore:avr:can32:bootloader=no_bootloader,BOD=3v9,LTO=Os,clock=12MHz_external	1.8.13	2830	230	0	false	0	0		0	
2020-06-29 03:30:44	149	149.167	https://travis-ci.org/MCUdude/MegaCore/jobs/702976401	push		false	master	c33c287a1de7916ed5e421af3e0bc9e388d821e0	0c3077bd2f6e...c33c287a1de7	All hardware serial ports may be used to upload	/home/travis/Arduino/hardware/MegaCore/avr/libraries/Wire/examples/digital_potentiometer/digital_potentiometer.ino	MegaCore:avr:can32:bootloader=no_bootloader,BOD=3v9,LTO=Os,clock=12MHz_external	1.8.13	2828	224	0	false	0	0		0	
2020-06-29 03:30:47	149	149.167	https://travis-ci.org/MCUdude/MegaCore/jobs/702976401	push		false	master	c33c287a1de7916ed5e421af3e0bc9e388d821e0	0c3077bd2f6e...c33c287a1de7	All hardware serial ports may be used to upload	/home/travis/Arduino/hardware/MegaCore/avr/libraries/Wire/examples/slave_receiver/slave_receiver.ino	MegaCore:avr:can32:bootloader=no_bootloader,BOD=3v9,LTO=Os,clock=12MHz_external	1.8.13	4148	401	1	false	0	0		0	
2020-06-29 03:30:50	149	149.167	https://travis-ci.org/MCUdude/MegaCore/jobs/702976401	push		false	master	c33c287a1de7916ed5e421af3e0bc9e388d821e0	0c3077bd2f6e...c33c287a1de7	All hardware serial ports may be used to upload	/home/travis/Arduino/hardware/MegaCore/avr/libraries/Wire/examples/master_reader/master_reader.ino	MegaCore:avr:can32:bootloader=no_bootloader,BOD=3v9,LTO=Os,clock=12MHz_external	1.8.13	4280	398	0	false	0	0		0	
2020-06-29 03:30:54	149	149.167	https://travis-ci.org/MCUdude/MegaCore/jobs/702976401	push		false	master	c33c287a1de7916ed5e421af3e0bc9e388d821e0	0c3077bd2f6e...c33c287a1de7	All hardware serial ports may be used to upload	/home/travis/Arduino/hardware/MegaCore/avr/libraries/Wire/examples/slave_sender/slave_sender.ino	MegaCore:avr:can32:bootloader=no_bootloader,BOD=3v9,LTO=Os,clock=12MHz_external	1.8.13	2602	230	0	false	0	0		0	
