Build Timestamp (UTC)	Build	Job	Job URL	Build Trigger	Allow Job Failure	PR#	Branch	Commit	Commit Range	Commit Message	Sketch Filename	Board ID	IDE Version	Program Storage (bytes)	Dynamic Memory (bytes)	# Warnings	Allow Failure	Exit Status	# Board Issues	Board Issue	# Library Issues	Library Issue
2020-06-29 02:14:53	149	149.152	https://travis-ci.org/MCUdude/MegaCore/jobs/702976386	push		false	master	c33c287a1de7916ed5e421af3e0bc9e388d821e0	0c3077bd2f6e...c33c287a1de7	All hardware serial ports may be used to upload	/home/travis/Arduino/hardware/MegaCore/avr/libraries/Ethernet/examples/UDPSendReceiveString/UDPSendReceiveString.ino	MegaCore:avr:can128:bootloader=uart0,BOD=3v8,LTO=Os,clock=8MHz_external	1.6.7	12310	643	0	false	0	0		0	
2020-06-29 02:14:59	149	149.152	https://travis-ci.org/MCUdude/MegaCore/jobs/702976386	push		false	master	c33c287a1de7916ed5e421af3e0bc9e388d821e0	0c3077bd2f6e...c33c287a1de7	All hardware serial ports may be used to upload	/home/travis/Arduino/hardware/MegaCore/avr/libraries/Ethernet/examples/TwitterClient/TwitterClient.ino	MegaCore:avr:can128:bootloader=uart0,BOD=3v8,LTO=Os,clock=8MHz_external	1.6.7	19540	912	0	false	0	0		0	
2020-06-29 02:15:17	149	149.152	https://travis-ci.org/MCUdude/MegaCore/jobs/702976386	push		false	master	c33c287a1de7916ed5e421af3e0bc9e388d821e0	0c3077bd2f6e...c33c287a1de7	All hardware serial ports may be used to upload	/home/travis/Arduino/hardware/MegaCore/avr/libraries/Ethernet/examples/WebClientRepeating/WebClientRepeating.ino	MegaCore:avr:can128:bootloader=uart0,BOD=3v8,LTO=Os,clock=8MHz_external	1.6.7	17882	957	0	false	0	0		0	
2020-06-29 02:15:23	149	149.152	https://travis-ci.org/MCUdude/MegaCore/jobs/702976386	push		false	master	c33c287a1de7916ed5e421af3e0bc9e388d821e0	0c3077bd2f6e...c33c287a1de7	All hardware serial ports may be used to upload	/home/travis/Arduino/hardware/MegaCore/avr/libraries/Ethernet/examples/UdpNtpClient/UdpNtpClient.ino	MegaCore:avr:can128:bootloader=uart0,BOD=3v8,LTO=Os,clock=8MHz_external	1.6.7	15626	823	0	false	0	0		0	
2020-06-29 02:15:28	149	149.152	https://travis-ci.org/MCUdude/MegaCore/jobs/702976386	push		false	master	c33c287a1de7916ed5e421af3e0bc9e388d821e0	0c3077bd2f6e...c33c287a1de7	All hardware serial ports may be used to upload	/home/travis/Arduino/hardware/MegaCore/avr/libraries/Ethernet/examples/WebClient/WebClient.ino	MegaCore:avr:can128:bootloader=uart0,BOD=3v8,LTO=Os,clock=8MHz_external	1.6.7	19874	1007	0	false	0	0		0	
2020-06-29 02:15:33	149	149.152	https://travis-ci.org/MCUdude/MegaCore/jobs/702976386	push		false	master	c33c287a1de7916ed5e421af3e0bc9e388d821e0	0c3077bd2f6e...c33c287a1de7	All hardware serial ports may be used to upload	/home/travis/Arduino/hardware/MegaCore/avr/libraries/Ethernet/examples/ChatServer/ChatServer.ino	MegaCore:avr:can128:bootloader=uart0,BOD=3v8,LTO=Os,clock=8MHz_external	1.6.7	14638	673	0	false	0	0		0	
2020-06-29 02:15:39	149	149.152	https://travis-ci.org/MCUdude/MegaCore/jobs/702976386	push		false	master	c33c287a1de7916ed5e421af3e0bc9e388d821e0	0c3077bd2f6e...c33c287a1de7	All hardware serial ports may be used to upload	/home/travis/Arduino/hardware/MegaCore/avr/libraries/Ethernet/examples/DhcpAddressPrinter/DhcpAddressPrinter.ino	MegaCore:avr:can128:bootloader=uart0,BOD=3v8,LTO=Os,clock=8MHz_external	1.6.7	15322	790	0	false	0	0		0	
2020-06-29 02:15:44	149	149.152	https://travis-ci.org/MCUdude/MegaCore/jobs/702976386	push		false	master	c33c287a1de7916ed5e421af3e0bc9e388d821e0	0c3077bd2f6e...c33c287a1de7	All hardware serial ports may be used to upload	/home/travis/Arduino/hardware/MegaCore/avr/libraries/Ethernet/examples/XivelyClient/XivelyClient.ino	MegaCore:avr:can128:bootloader=uart0,BOD=3v8,LTO=Os,clock=8MHz_external	1.6.7	18200	872	0	false	0	0		0	
2020-06-29 02:15:49	149	149.152	https://travis-ci.org/MCUdude/MegaCore/jobs/702976386	push		false	master	c33c287a1de7916ed5e421af3e0bc9e388d821e0	0c3077bd2f6e...c33c287a1de7	All hardware serial ports may be used to upload	/home/travis/Arduino/hardware/MegaCore/avr/libraries/Ethernet/examples/XivelyClientString/XivelyClientString.ino	MegaCore:avr:can128:bootloader=uart0,BOD=3v8,LTO=Os,clock=8MHz_external	1.6.7	19984	892	0	false	0	0		0	
2020-06-29 02:15:55	149	149.152	https://travis-ci.org/MCUdude/MegaCore/jobs/702976386	push		false	master	c33c287a1de7916ed5e421af3e0bc9e388d821e0	0c3077bd2f6e...c33c287a1de7	All hardware serial ports may be used to upload	/home/travis/Arduino/hardware/MegaCore/avr/libraries/Ethernet/examples/LinkStatus/LinkStatus.ino	MegaCore:avr:can128:bootloader=uart0,BOD=3v8,LTO=Os,clock=8MHz_external	1.6.7	5156	316	0	false	0	0		0	
2020-06-29 02:16:00	149	149.152	https://travis-ci.org/MCUdude/MegaCore/jobs/702976386	push		false	master	c33c287a1de7916ed5e421af3e0bc9e388d821e0	0c3077bd2f6e...c33c287a1de7	All hardware serial ports may be used to upload	/home/travis/Arduino/hardware/MegaCore/avr/libraries/Ethernet/examples/BarometricPressureWebServer/BarometricPressureWebServer.ino	MegaCore:avr:can128:bootloader=uart0,BOD=3v8,LTO=Os,clock=8MHz_external	1.6.7	19084	734	2	false	0	0		0	
2020-06-29 02:16:05	149	149.152	https://travis-ci.org/MCUdude/MegaCore/jobs/702976386	push		false	master	c33c287a1de7916ed5e421af3e0bc9e388d821e0	0c3077bd2f6e...c33c287a1de7	All hardware serial ports may be used to upload	/home/travis/Arduino/hardware/MegaCore/avr/libraries/Ethernet/examples/DhcpChatServer/DhcpChatServer.ino	MegaCore:avr:can128:bootloader=uart0,BOD=3v8,LTO=Os,clock=8MHz_external	1.6.7	18676	857	0	false	0	0		0	
2020-06-29 02:16:10	149	149.152	https://travis-ci.org/MCUdude/MegaCore/jobs/702976386	push		false	master	c33c287a1de7916ed5e421af3e0bc9e388d821e0	0c3077bd2f6e...c33c287a1de7	All hardware serial ports may be used to upload	/home/travis/Arduino/hardware/MegaCore/avr/libraries/Ethernet/examples/WebServer/WebServer.ino	MegaCore:avr:can128:bootloader=uart0,BOD=3v8,LTO=Os,clock=8MHz_external	1.6.7	15590	796	0	false	0	0		0	
2020-06-29 02:16:15	149	149.152	https://travis-ci.org/MCUdude/MegaCore/jobs/702976386	push		false	master	c33c287a1de7916ed5e421af3e0bc9e388d821e0	0c3077bd2f6e...c33c287a1de7	All hardware serial ports may be used to upload	/home/travis/Arduino/hardware/MegaCore/avr/libraries/Ethernet/examples/TelnetClient/TelnetClient.ino	MegaCore:avr:can128:bootloader=uart0,BOD=3v8,LTO=Os,clock=8MHz_external	1.6.7	14160	653	0	false	0	0		0	
2020-06-29 02:16:21	149	149.152	https://travis-ci.org/MCUdude/MegaCore/jobs/702976386	push		false	master	c33c287a1de7916ed5e421af3e0bc9e388d821e0	0c3077bd2f6e...c33c287a1de7	All hardware serial ports may be used to upload	/home/travis/Arduino/hardware/MegaCore/avr/libraries/Ethernet/examples/PachubeClient/PachubeClient.ino	MegaCore:avr:can128:bootloader=uart0,BOD=3v8,LTO=Os,clock=8MHz_external	1.6.7	18202	874	0	false	0	0		0	
2020-06-29 02:16:26	149	149.152	https://travis-ci.org/MCUdude/MegaCore/jobs/702976386	push		false	master	c33c287a1de7916ed5e421af3e0bc9e388d821e0	0c3077bd2f6e...c33c287a1de7	All hardware serial ports may be used to upload	/home/travis/Arduino/hardware/MegaCore/avr/libraries/Ethernet/examples/PachubeClientString/PachubeClientString.ino	MegaCore:avr:can128:bootloader=uart0,BOD=3v8,LTO=Os,clock=8MHz_external	1.6.7	19986	894	0	false	0	0		0	
2020-06-29 02:16:31	149	149.152	https://travis-ci.org/MCUdude/MegaCore/jobs/702976386	push		false	master	c33c287a1de7916ed5e421af3e0bc9e388d821e0	0c3077bd2f6e...c33c287a1de7	All hardware serial ports may be used to upload	/home/travis/Arduino/hardware/MegaCore/avr/libraries/Ethernet/examples/AdvancedChatServer/AdvancedChatServer.ino	MegaCore:avr:can128:bootloader=uart0,BOD=3v8,LTO=Os,clock=8MHz_external	1.6.7	15426	822	0	false	0	0		0	
2020-06-29 02:16:35	149	149.152	https://travis-ci.org/MCUdude/MegaCore/jobs/702976386	push		false	master	c33c287a1de7916ed5e421af3e0bc9e388d821e0	0c3077bd2f6e...c33c287a1de7	All hardware serial ports may be used to upload	/home/travis/Arduino/hardware/MegaCore/avr/libraries/AVR_examples/examples/Blink_using_Timer0/Blink_using_Timer0.ino	MegaCore:avr:can128:bootloader=uart0,BOD=3v8,LTO=Os,clock=8MHz_external	1.6.7	286	3	0	false	0	0		0	
2020-06-29 02:16:40	149	149.152	https://travis-ci.org/MCUdude/MegaCore/jobs/702976386	push		false	master	c33c287a1de7916ed5e421af3e0bc9e388d821e0	0c3077bd2f6e...c33c287a1de7	All hardware serial ports may be used to upload	/home/travis/Arduino/hardware/MegaCore/avr/libraries/AVR_examples/examples/Read_port_write_port/Read_port_write_port.ino	MegaCore:avr:can128:bootloader=uart0,BOD=3v8,LTO=Os,clock=8MHz_external	1.6.7	188	0	0	false	0	0		0	
2020-06-29 02:16:44	149	149.152	https://travis-ci.org/MCUdude/MegaCore/jobs/702976386	push		false	master	c33c287a1de7916ed5e421af3e0bc9e388d821e0	0c3077bd2f6e...c33c287a1de7	All hardware serial ports may be used to upload	/home/travis/Arduino/hardware/MegaCore/avr/libraries/AVR_examples/examples/Measure_period_length/Measure_period_length.ino	MegaCore:avr:can128:bootloader=uart0,BOD=3v8,LTO=Os,clock=8MHz_external	1.6.7	1978	202	0	false	0	0		0	
2020-06-29 02:16:48	149	149.152	https://travis-ci.org/MCUdude/MegaCore/jobs/702976386	push		false	master	c33c287a1de7916ed5e421af3e0bc9e388d821e0	0c3077bd2f6e...c33c287a1de7	All hardware serial ports may be used to upload	/home/travis/Arduino/hardware/MegaCore/avr/libraries/AVR_examples/examples/Watch_dog_timer/Watch_dog_timer.ino	MegaCore:avr:can128:bootloader=uart0,BOD=3v8,LTO=Os,clock=8MHz_external	1.6.7	280	2	0	false	0	0		0	
2020-06-29 02:16:52	149	149.152	https://travis-ci.org/MCUdude/MegaCore/jobs/702976386	push		false	master	c33c287a1de7916ed5e421af3e0bc9e388d821e0	0c3077bd2f6e...c33c287a1de7	All hardware serial ports may be used to upload	/home/travis/Arduino/hardware/MegaCore/avr/libraries/AVR_examples/examples/Blink/Blink.ino	MegaCore:avr:can128:bootloader=uart0,BOD=3v8,LTO=Os,clock=8MHz_external	1.6.7	220	0	0	false	0	0		0	
2020-06-29 02:16:57	149	149.152	https://travis-ci.org/MCUdude/MegaCore/jobs/702976386	push		false	master	c33c287a1de7916ed5e421af3e0bc9e388d821e0	0c3077bd2f6e...c33c287a1de7	All hardware serial ports may be used to upload	/home/travis/Arduino/hardware/MegaCore/avr/libraries/SD/examples/Datalogger/Datalogger.ino	MegaCore:avr:can128:bootloader=uart0,BOD=3v8,LTO=Os,clock=8MHz_external	1.6.7	14280	945	5	false	0	0		0	
2020-06-29 02:17:02	149	149.152	https://travis-ci.org/MCUdude/MegaCore/jobs/702976386	push		false	master	c33c287a1de7916ed5e421af3e0bc9e388d821e0	0c3077bd2f6e...c33c287a1de7	All hardware serial ports may be used to upload	/home/travis/Arduino/hardware/MegaCore/avr/libraries/SD/examples/CardInfo/CardInfo.ino	MegaCore:avr:can128:bootloader=uart0,BOD=3v8,LTO=Os,clock=8MHz_external	1.6.7	11802	1370	5	false	0	0		0	
2020-06-29 02:17:07	149	149.152	https://travis-ci.org/MCUdude/MegaCore/jobs/702976386	push		false	master	c33c287a1de7916ed5e421af3e0bc9e388d821e0	0c3077bd2f6e...c33c287a1de7	All hardware serial ports may be used to upload	/home/travis/Arduino/hardware/MegaCore/avr/libraries/SD/examples/ReadWrite/ReadWrite.ino	MegaCore:avr:can128:bootloader=uart0,BOD=3v8,LTO=Os,clock=8MHz_external	1.6.7	13232	1014	5	false	0	0		0	
2020-06-29 02:17:12	149	149.152	https://travis-ci.org/MCUdude/MegaCore/jobs/702976386	push		false	master	c33c287a1de7916ed5e421af3e0bc9e388d821e0	0c3077bd2f6e...c33c287a1de7	All hardware serial ports may be used to upload	/home/travis/Arduino/hardware/MegaCore/avr/libraries/SD/examples/listfiles/listfiles.ino	MegaCore:avr:can128:bootloader=uart0,BOD=3v8,LTO=Os,clock=8MHz_external	1.6.7	13966	950	5	false	0	0		0	
2020-06-29 02:17:18	149	149.152	https://travis-ci.org/MCUdude/MegaCore/jobs/702976386	push		false	master	c33c287a1de7916ed5e421af3e0bc9e388d821e0	0c3077bd2f6e...c33c287a1de7	All hardware serial ports may be used to upload	/home/travis/Arduino/hardware/MegaCore/avr/libraries/SD/examples/DumpFile/DumpFile.ino	MegaCore:avr:can128:bootloader=uart0,BOD=3v8,LTO=Os,clock=8MHz_external	1.6.7	12906	943	5	false	0	0		0	
2020-06-29 02:17:23	149	149.152	https://travis-ci.org/MCUdude/MegaCore/jobs/702976386	push		false	master	c33c287a1de7916ed5e421af3e0bc9e388d821e0	0c3077bd2f6e...c33c287a1de7	All hardware serial ports may be used to upload	/home/travis/Arduino/hardware/MegaCore/avr/libraries/SD/examples/Files/Files.ino	MegaCore:avr:can128:bootloader=uart0,BOD=3v8,LTO=Os,clock=8MHz_external	1.6.7	13822	1048	5	false	0	0		0	
2020-06-29 02:17:27	149	149.152	https://travis-ci.org/MCUdude/MegaCore/jobs/702976386	push		false	master	c33c287a1de7916ed5e421af3e0bc9e388d821e0	0c3077bd2f6e...c33c287a1de7	All hardware serial ports may be used to upload	/home/travis/Arduino/hardware/MegaCore/avr/libraries/SoftwareSerial/examples/SoftwareSerialExample/SoftwareSerialExample.ino	MegaCore:avr:can128:bootloader=uart0,BOD=3v8,LTO=Os,clock=8MHz_external	1.6.7	4916	363	0	false	0	0		0	
2020-06-29 02:17:32	149	149.152	https://travis-ci.org/MCUdude/MegaCore/jobs/702976386	push		false	master	c33c287a1de7916ed5e421af3e0bc9e388d821e0	0c3077bd2f6e...c33c287a1de7	All hardware serial ports may be used to upload	/home/travis/Arduino/hardware/MegaCore/avr/libraries/SoftwareSerial/examples/TwoPortReceive/TwoPortReceive.ino	MegaCore:avr:can128:bootloader=uart0,BOD=3v8,LTO=Os,clock=8MHz_external	1.6.7	5016	404	0	false	0	0		0	
2020-06-29 02:17:36	149	149.152	https://travis-ci.org/MCUdude/MegaCore/jobs/702976386	push		false	master	c33c287a1de7916ed5e421af3e0bc9e388d821e0	0c3077bd2f6e...c33c287a1de7	All hardware serial ports may be used to upload	/home/travis/Arduino/hardware/MegaCore/avr/libraries/Servo/examples/Knob/Knob.ino	MegaCore:avr:can128:bootloader=uart0,BOD=3v8,LTO=Os,clock=8MHz_external	1.6.7	2920	60	0	false	0	0		0	
2020-06-29 02:17:40	149	149.152	https://travis-ci.org/MCUdude/MegaCore/jobs/702976386	push		false	master	c33c287a1de7916ed5e421af3e0bc9e388d821e0	0c3077bd2f6e...c33c287a1de7	All hardware serial ports may be used to upload	/home/travis/Arduino/hardware/MegaCore/avr/libraries/Servo/examples/Sweep/Sweep.ino	MegaCore:avr:can128:bootloader=uart0,BOD=3v8,LTO=Os,clock=8MHz_external	1.6.7	2840	56	0	false	0	0		0	
2020-06-29 02:17:45	149	149.152	https://travis-ci.org/MCUdude/MegaCore/jobs/702976386	push		false	master	c33c287a1de7916ed5e421af3e0bc9e388d821e0	0c3077bd2f6e...c33c287a1de7	All hardware serial ports may be used to upload	/home/travis/Arduino/hardware/MegaCore/avr/libraries/EEPROM/examples/eeprom_get/eeprom_get.ino	MegaCore:avr:can128:bootloader=uart0,BOD=3v8,LTO=Os,clock=8MHz_external	1.6.7	4060	258	0	false	0	0		0	
2020-06-29 02:17:49	149	149.152	https://travis-ci.org/MCUdude/MegaCore/jobs/702976386	push		false	master	c33c287a1de7916ed5e421af3e0bc9e388d821e0	0c3077bd2f6e...c33c287a1de7	All hardware serial ports may be used to upload	/home/travis/Arduino/hardware/MegaCore/avr/libraries/EEPROM/examples/eeprom_crc/eeprom_crc.ino	MegaCore:avr:can128:bootloader=uart0,BOD=3v8,LTO=Os,clock=8MHz_external	1.6.7	2664	312	0	false	0	0		0	
2020-06-29 02:17:53	149	149.152	https://travis-ci.org/MCUdude/MegaCore/jobs/702976386	push		false	master	c33c287a1de7916ed5e421af3e0bc9e388d821e0	0c3077bd2f6e...c33c287a1de7	All hardware serial ports may be used to upload	/home/travis/Arduino/hardware/MegaCore/avr/libraries/EEPROM/examples/eeprom_read/eeprom_read.ino	MegaCore:avr:can128:bootloader=uart0,BOD=3v8,LTO=Os,clock=8MHz_external	1.6.7	2428	205	0	false	0	0		0	
2020-06-29 02:17:57	149	149.152	https://travis-ci.org/MCUdude/MegaCore/jobs/702976386	push		false	master	c33c287a1de7916ed5e421af3e0bc9e388d821e0	0c3077bd2f6e...c33c287a1de7	All hardware serial ports may be used to upload	/home/travis/Arduino/hardware/MegaCore/avr/libraries/EEPROM/examples/eeprom_clear/eeprom_clear.ino	MegaCore:avr:can128:bootloader=uart0,BOD=3v8,LTO=Os,clock=8MHz_external	1.6.7	992	9	0	false	0	0		0	
2020-06-29 02:18:01	149	149.152	https://travis-ci.org/MCUdude/MegaCore/jobs/702976386	push		false	master	c33c287a1de7916ed5e421af3e0bc9e388d821e0	0c3077bd2f6e...c33c287a1de7	All hardware serial ports may be used to upload	/home/travis/Arduino/hardware/MegaCore/avr/libraries/EEPROM/examples/eeprom_write/eeprom_write.ino	MegaCore:avr:can128:bootloader=uart0,BOD=3v8,LTO=Os,clock=8MHz_external	1.6.7	902	13	0	false	0	0		0	
2020-06-29 02:18:06	149	149.152	https://travis-ci.org/MCUdude/MegaCore/jobs/702976386	push		false	master	c33c287a1de7916ed5e421af3e0bc9e388d821e0	0c3077bd2f6e...c33c287a1de7	All hardware serial ports may be used to upload	/home/travis/Arduino/hardware/MegaCore/avr/libraries/EEPROM/examples/eeprom_iteration/eeprom_iteration.ino	MegaCore:avr:can128:bootloader=uart0,BOD=3v8,LTO=Os,clock=8MHz_external	1.6.7	736	9	0	false	0	0		0	
2020-06-29 02:18:10	149	149.152	https://travis-ci.org/MCUdude/MegaCore/jobs/702976386	push		false	master	c33c287a1de7916ed5e421af3e0bc9e388d821e0	0c3077bd2f6e...c33c287a1de7	All hardware serial ports may be used to upload	/home/travis/Arduino/hardware/MegaCore/avr/libraries/EEPROM/examples/eeprom_update/eeprom_update.ino	MegaCore:avr:can128:bootloader=uart0,BOD=3v8,LTO=Os,clock=8MHz_external	1.6.7	952	13	0	false	0	0		0	
2020-06-29 02:18:14	149	149.152	https://travis-ci.org/MCUdude/MegaCore/jobs/702976386	push		false	master	c33c287a1de7916ed5e421af3e0bc9e388d821e0	0c3077bd2f6e...c33c287a1de7	All hardware serial ports may be used to upload	/home/travis/Arduino/hardware/MegaCore/avr/libraries/EEPROM/examples/eeprom_put/eeprom_put.ino	MegaCore:avr:can128:bootloader=uart0,BOD=3v8,LTO=Os,clock=8MHz_external	1.6.7	2360	342	0	false	0	0		0	
2020-06-29 02:18:19	149	149.152	https://travis-ci.org/MCUdude/MegaCore/jobs/702976386	push		false	master	c33c287a1de7916ed5e421af3e0bc9e388d821e0	0c3077bd2f6e...c33c287a1de7	All hardware serial ports may be used to upload	/home/travis/Arduino/hardware/MegaCore/avr/libraries/Optiboot_flasher/examples/SerialReadWrite/SerialReadWrite.ino	MegaCore:avr:can128:bootloader=uart0,BOD=3v8,LTO=Os,clock=8MHz_external	1.6.7	7796	467	0	false	0	0		0	
2020-06-29 02:18:23	149	149.152	https://travis-ci.org/MCUdude/MegaCore/jobs/702976386	push		false	master	c33c287a1de7916ed5e421af3e0bc9e388d821e0	0c3077bd2f6e...c33c287a1de7	All hardware serial ports may be used to upload	/home/travis/Arduino/hardware/MegaCore/avr/libraries/Timer/examples/Events/Events.ino	MegaCore:avr:can128:bootloader=uart0,BOD=3v8,LTO=Os,clock=8MHz_external	1.6.7	4194	552	0	false	0	0		0	
2020-06-29 02:18:28	149	149.152	https://travis-ci.org/MCUdude/MegaCore/jobs/702976386	push		false	master	c33c287a1de7916ed5e421af3e0bc9e388d821e0	0c3077bd2f6e...c33c287a1de7	All hardware serial ports may be used to upload	/home/travis/Arduino/hardware/MegaCore/avr/libraries/Timer/examples/Pin_high_10_minutes/Pin_high_10_minutes.ino	MegaCore:avr:can128:bootloader=uart0,BOD=3v8,LTO=Os,clock=8MHz_external	1.6.7	1702	205	1	false	0	0		0	
2020-06-29 02:18:32	149	149.152	https://travis-ci.org/MCUdude/MegaCore/jobs/702976386	push		false	master	c33c287a1de7916ed5e421af3e0bc9e388d821e0	0c3077bd2f6e...c33c287a1de7	All hardware serial ports may be used to upload	/home/travis/Arduino/hardware/MegaCore/avr/libraries/Timer/examples/Multitasking/Multitasking.ino	MegaCore:avr:can128:bootloader=uart0,BOD=3v8,LTO=Os,clock=8MHz_external	1.6.7	3684	456	1	false	0	0		0	
2020-06-29 02:18:36	149	149.152	https://travis-ci.org/MCUdude/MegaCore/jobs/702976386	push		false	master	c33c287a1de7916ed5e421af3e0bc9e388d821e0	0c3077bd2f6e...c33c287a1de7	All hardware serial ports may be used to upload	/home/travis/Arduino/hardware/MegaCore/avr/libraries/Timer/examples/TimerTest/TimerTest.ino	MegaCore:avr:can128:bootloader=uart0,BOD=3v8,LTO=Os,clock=8MHz_external	1.6.7	1668	203	0	false	0	0		0	
2020-06-29 02:18:40	149	149.152	https://travis-ci.org/MCUdude/MegaCore/jobs/702976386	push		false	master	c33c287a1de7916ed5e421af3e0bc9e388d821e0	0c3077bd2f6e...c33c287a1de7	All hardware serial ports may be used to upload	/home/travis/Arduino/hardware/MegaCore/avr/libraries/SPI/examples/BarometricPressureSensor/BarometricPressureSensor.ino	MegaCore:avr:can128:bootloader=uart0,BOD=3v8,LTO=Os,clock=8MHz_external	1.6.7	6932	237	1	false	0	0		0	
2020-06-29 02:18:45	149	149.152	https://travis-ci.org/MCUdude/MegaCore/jobs/702976386	push		false	master	c33c287a1de7916ed5e421af3e0bc9e388d821e0	0c3077bd2f6e...c33c287a1de7	All hardware serial ports may be used to upload	/home/travis/Arduino/hardware/MegaCore/avr/libraries/SPI/examples/DigitalPotControl/DigitalPotControl.ino	MegaCore:avr:can128:bootloader=uart0,BOD=3v8,LTO=Os,clock=8MHz_external	1.6.7	1524	10	0	false	0	0		0	
2020-06-29 02:18:49	149	149.152	https://travis-ci.org/MCUdude/MegaCore/jobs/702976386	push		false	master	c33c287a1de7916ed5e421af3e0bc9e388d821e0	0c3077bd2f6e...c33c287a1de7	All hardware serial ports may be used to upload	/home/travis/Arduino/hardware/MegaCore/avr/libraries/Wire/examples/i2c_scanner/i2c_scanner.ino	MegaCore:avr:can128:bootloader=uart0,BOD=3v8,LTO=Os,clock=8MHz_external	1.6.7	4612	532	0	false	0	0		0	
2020-06-29 02:18:53	149	149.152	https://travis-ci.org/MCUdude/MegaCore/jobs/702976386	push		false	master	c33c287a1de7916ed5e421af3e0bc9e388d821e0	0c3077bd2f6e...c33c287a1de7	All hardware serial ports may be used to upload	/home/travis/Arduino/hardware/MegaCore/avr/libraries/Wire/examples/SFRRanger_reader/SFRRanger_reader.ino	MegaCore:avr:can128:bootloader=uart0,BOD=3v8,LTO=Os,clock=8MHz_external	1.6.7	4890	416	0	false	0	0		0	
2020-06-29 02:18:58	149	149.152	https://travis-ci.org/MCUdude/MegaCore/jobs/702976386	push		false	master	c33c287a1de7916ed5e421af3e0bc9e388d821e0	0c3077bd2f6e...c33c287a1de7	All hardware serial ports may be used to upload	/home/travis/Arduino/hardware/MegaCore/avr/libraries/Wire/examples/master_writer/master_writer.ino	MegaCore:avr:can128:bootloader=uart0,BOD=3v8,LTO=Os,clock=8MHz_external	1.6.7	2786	230	0	false	0	0		0	
2020-06-29 02:19:02	149	149.152	https://travis-ci.org/MCUdude/MegaCore/jobs/702976386	push		false	master	c33c287a1de7916ed5e421af3e0bc9e388d821e0	0c3077bd2f6e...c33c287a1de7	All hardware serial ports may be used to upload	/home/travis/Arduino/hardware/MegaCore/avr/libraries/Wire/examples/digital_potentiometer/digital_potentiometer.ino	MegaCore:avr:can128:bootloader=uart0,BOD=3v8,LTO=Os,clock=8MHz_external	1.6.7	2772	224	0	false	0	0		0	
2020-06-29 02:19:07	149	149.152	https://travis-ci.org/MCUdude/MegaCore/jobs/702976386	push		false	master	c33c287a1de7916ed5e421af3e0bc9e388d821e0	0c3077bd2f6e...c33c287a1de7	All hardware serial ports may be used to upload	/home/travis/Arduino/hardware/MegaCore/avr/libraries/Wire/examples/slave_receiver/slave_receiver.ino	MegaCore:avr:can128:bootloader=uart0,BOD=3v8,LTO=Os,clock=8MHz_external	1.6.7	4260	413	1	false	0	0		0	
2020-06-29 02:19:11	149	149.152	https://travis-ci.org/MCUdude/MegaCore/jobs/702976386	push		false	master	c33c287a1de7916ed5e421af3e0bc9e388d821e0	0c3077bd2f6e...c33c287a1de7	All hardware serial ports may be used to upload	/home/travis/Arduino/hardware/MegaCore/avr/libraries/Wire/examples/master_reader/master_reader.ino	MegaCore:avr:can128:bootloader=uart0,BOD=3v8,LTO=Os,clock=8MHz_external	1.6.7	4340	398	0	false	0	0		0	
2020-06-29 02:19:16	149	149.152	https://travis-ci.org/MCUdude/MegaCore/jobs/702976386	push		false	master	c33c287a1de7916ed5e421af3e0bc9e388d821e0	0c3077bd2f6e...c33c287a1de7	All hardware serial ports may be used to upload	/home/travis/Arduino/hardware/MegaCore/avr/libraries/Wire/examples/slave_sender/slave_sender.ino	MegaCore:avr:can128:bootloader=uart0,BOD=3v8,LTO=Os,clock=8MHz_external	1.6.7	2572	230	0	false	0	0		0	
2020-06-29 02:19:23	149	149.152	https://travis-ci.org/MCUdude/MegaCore/jobs/702976386	push		false	master	c33c287a1de7916ed5e421af3e0bc9e388d821e0	0c3077bd2f6e...c33c287a1de7	All hardware serial ports may be used to upload	/home/travis/Arduino/hardware/MegaCore/avr/libraries/Ethernet/examples/UDPSendReceiveString/UDPSendReceiveString.ino	MegaCore:avr:can128:bootloader=uart0,BOD=3v8,LTO=Os,clock=8MHz_external	1.6.9	12310	643	0	false	0	0		0	
2020-06-29 02:19:29	149	149.152	https://travis-ci.org/MCUdude/MegaCore/jobs/702976386	push		false	master	c33c287a1de7916ed5e421af3e0bc9e388d821e0	0c3077bd2f6e...c33c287a1de7	All hardware serial ports may be used to upload	/home/travis/Arduino/hardware/MegaCore/avr/libraries/Ethernet/examples/TwitterClient/TwitterClient.ino	MegaCore:avr:can128:bootloader=uart0,BOD=3v8,LTO=Os,clock=8MHz_external	1.6.9	19540	912	0	false	0	0		0	
2020-06-29 02:19:34	149	149.152	https://travis-ci.org/MCUdude/MegaCore/jobs/702976386	push		false	master	c33c287a1de7916ed5e421af3e0bc9e388d821e0	0c3077bd2f6e...c33c287a1de7	All hardware serial ports may be used to upload	/home/travis/Arduino/hardware/MegaCore/avr/libraries/Ethernet/examples/WebClientRepeating/WebClientRepeating.ino	MegaCore:avr:can128:bootloader=uart0,BOD=3v8,LTO=Os,clock=8MHz_external	1.6.9	17882	957	0	false	0	0		0	
2020-06-29 02:19:40	149	149.152	https://travis-ci.org/MCUdude/MegaCore/jobs/702976386	push		false	master	c33c287a1de7916ed5e421af3e0bc9e388d821e0	0c3077bd2f6e...c33c287a1de7	All hardware serial ports may be used to upload	/home/travis/Arduino/hardware/MegaCore/avr/libraries/Ethernet/examples/UdpNtpClient/UdpNtpClient.ino	MegaCore:avr:can128:bootloader=uart0,BOD=3v8,LTO=Os,clock=8MHz_external	1.6.9	15626	823	0	false	0	0		0	
2020-06-29 02:19:45	149	149.152	https://travis-ci.org/MCUdude/MegaCore/jobs/702976386	push		false	master	c33c287a1de7916ed5e421af3e0bc9e388d821e0	0c3077bd2f6e...c33c287a1de7	All hardware serial ports may be used to upload	/home/travis/Arduino/hardware/MegaCore/avr/libraries/Ethernet/examples/WebClient/WebClient.ino	MegaCore:avr:can128:bootloader=uart0,BOD=3v8,LTO=Os,clock=8MHz_external	1.6.9	19874	1007	0	false	0	0		0	
2020-06-29 02:19:51	149	149.152	https://travis-ci.org/MCUdude/MegaCore/jobs/702976386	push		false	master	c33c287a1de7916ed5e421af3e0bc9e388d821e0	0c3077bd2f6e...c33c287a1de7	All hardware serial ports may be used to upload	/home/travis/Arduino/hardware/MegaCore/avr/libraries/Ethernet/examples/ChatServer/ChatServer.ino	MegaCore:avr:can128:bootloader=uart0,BOD=3v8,LTO=Os,clock=8MHz_external	1.6.9	14638	673	0	false	0	0		0	
2020-06-29 02:19:56	149	149.152	https://travis-ci.org/MCUdude/MegaCore/jobs/702976386	push		false	master	c33c287a1de7916ed5e421af3e0bc9e388d821e0	0c3077bd2f6e...c33c287a1de7	All hardware serial ports may be used to upload	/home/travis/Arduino/hardware/MegaCore/avr/libraries/Ethernet/examples/DhcpAddressPrinter/DhcpAddressPrinter.ino	MegaCore:avr:can128:bootloader=uart0,BOD=3v8,LTO=Os,clock=8MHz_external	1.6.9	15322	790	0	false	0	0		0	
2020-06-29 02:20:02	149	149.152	https://travis-ci.org/MCUdude/MegaCore/jobs/702976386	push		false	master	c33c287a1de7916ed5e421af3e0bc9e388d821e0	0c3077bd2f6e...c33c287a1de7	All hardware serial ports may be used to upload	/home/travis/Arduino/hardware/MegaCore/avr/libraries/Ethernet/examples/XivelyClient/XivelyClient.ino	MegaCore:avr:can128:bootloader=uart0,BOD=3v8,LTO=Os,clock=8MHz_external	1.6.9	18200	872	0	false	0	0		0	
2020-06-29 02:20:07	149	149.152	https://travis-ci.org/MCUdude/MegaCore/jobs/702976386	push		false	master	c33c287a1de7916ed5e421af3e0bc9e388d821e0	0c3077bd2f6e...c33c287a1de7	All hardware serial ports may be used to upload	/home/travis/Arduino/hardware/MegaCore/avr/libraries/Ethernet/examples/XivelyClientString/XivelyClientString.ino	MegaCore:avr:can128:bootloader=uart0,BOD=3v8,LTO=Os,clock=8MHz_external	1.6.9	19984	892	0	false	0	0		0	
2020-06-29 02:20:13	149	149.152	https://travis-ci.org/MCUdude/MegaCore/jobs/702976386	push		false	master	c33c287a1de7916ed5e421af3e0bc9e388d821e0	0c3077bd2f6e...c33c287a1de7	All hardware serial ports may be used to upload	/home/travis/Arduino/hardware/MegaCore/avr/libraries/Ethernet/examples/LinkStatus/LinkStatus.ino	MegaCore:avr:can128:bootloader=uart0,BOD=3v8,LTO=Os,clock=8MHz_external	1.6.9	5156	316	0	false	0	0		0	
2020-06-29 02:20:18	149	149.152	https://travis-ci.org/MCUdude/MegaCore/jobs/702976386	push		false	master	c33c287a1de7916ed5e421af3e0bc9e388d821e0	0c3077bd2f6e...c33c287a1de7	All hardware serial ports may be used to upload	/home/travis/Arduino/hardware/MegaCore/avr/libraries/Ethernet/examples/BarometricPressureWebServer/BarometricPressureWebServer.ino	MegaCore:avr:can128:bootloader=uart0,BOD=3v8,LTO=Os,clock=8MHz_external	1.6.9	19084	734	2	false	0	0		0	
2020-06-29 02:20:24	149	149.152	https://travis-ci.org/MCUdude/MegaCore/jobs/702976386	push		false	master	c33c287a1de7916ed5e421af3e0bc9e388d821e0	0c3077bd2f6e...c33c287a1de7	All hardware serial ports may be used to upload	/home/travis/Arduino/hardware/MegaCore/avr/libraries/Ethernet/examples/DhcpChatServer/DhcpChatServer.ino	MegaCore:avr:can128:bootloader=uart0,BOD=3v8,LTO=Os,clock=8MHz_external	1.6.9	18676	857	0	false	0	0		0	
2020-06-29 02:20:30	149	149.152	https://travis-ci.org/MCUdude/MegaCore/jobs/702976386	push		false	master	c33c287a1de7916ed5e421af3e0bc9e388d821e0	0c3077bd2f6e...c33c287a1de7	All hardware serial ports may be used to upload	/home/travis/Arduino/hardware/MegaCore/avr/libraries/Ethernet/examples/WebServer/WebServer.ino	MegaCore:avr:can128:bootloader=uart0,BOD=3v8,LTO=Os,clock=8MHz_external	1.6.9	15590	796	0	false	0	0		0	
2020-06-29 02:20:35	149	149.152	https://travis-ci.org/MCUdude/MegaCore/jobs/702976386	push		false	master	c33c287a1de7916ed5e421af3e0bc9e388d821e0	0c3077bd2f6e...c33c287a1de7	All hardware serial ports may be used to upload	/home/travis/Arduino/hardware/MegaCore/avr/libraries/Ethernet/examples/TelnetClient/TelnetClient.ino	MegaCore:avr:can128:bootloader=uart0,BOD=3v8,LTO=Os,clock=8MHz_external	1.6.9	14160	653	0	false	0	0		0	
2020-06-29 02:20:41	149	149.152	https://travis-ci.org/MCUdude/MegaCore/jobs/702976386	push		false	master	c33c287a1de7916ed5e421af3e0bc9e388d821e0	0c3077bd2f6e...c33c287a1de7	All hardware serial ports may be used to upload	/home/travis/Arduino/hardware/MegaCore/avr/libraries/Ethernet/examples/PachubeClient/PachubeClient.ino	MegaCore:avr:can128:bootloader=uart0,BOD=3v8,LTO=Os,clock=8MHz_external	1.6.9	18202	874	0	false	0	0		0	
2020-06-29 02:20:46	149	149.152	https://travis-ci.org/MCUdude/MegaCore/jobs/702976386	push		false	master	c33c287a1de7916ed5e421af3e0bc9e388d821e0	0c3077bd2f6e...c33c287a1de7	All hardware serial ports may be used to upload	/home/travis/Arduino/hardware/MegaCore/avr/libraries/Ethernet/examples/PachubeClientString/PachubeClientString.ino	MegaCore:avr:can128:bootloader=uart0,BOD=3v8,LTO=Os,clock=8MHz_external	1.6.9	19986	894	0	false	0	0		0	
2020-06-29 02:20:52	149	149.152	https://travis-ci.org/MCUdude/MegaCore/jobs/702976386	push		false	master	c33c287a1de7916ed5e421af3e0bc9e388d821e0	0c3077bd2f6e...c33c287a1de7	All hardware serial ports may be used to upload	/home/travis/Arduino/hardware/MegaCore/avr/libraries/Ethernet/examples/AdvancedChatServer/AdvancedChatServer.ino	MegaCore:avr:can128:bootloader=uart0,BOD=3v8,LTO=Os,clock=8MHz_external	1.6.9	15426	822	0	false	0	0		0	
2020-06-29 02:20:56	149	149.152	https://travis-ci.org/MCUdude/MegaCore/jobs/702976386	push		false	master	c33c287a1de7916ed5e421af3e0bc9e388d821e0	0c3077bd2f6e...c33c287a1de7	All hardware serial ports may be used to upload	/home/travis/Arduino/hardware/MegaCore/avr/libraries/AVR_examples/examples/Blink_using_Timer0/Blink_using_Timer0.ino	MegaCore:avr:can128:bootloader=uart0,BOD=3v8,LTO=Os,clock=8MHz_external	1.6.9	286	3	0	false	0	0		0	
2020-06-29 02:21:01	149	149.152	https://travis-ci.org/MCUdude/MegaCore/jobs/702976386	push		false	master	c33c287a1de7916ed5e421af3e0bc9e388d821e0	0c3077bd2f6e...c33c287a1de7	All hardware serial ports may be used to upload	/home/travis/Arduino/hardware/MegaCore/avr/libraries/AVR_examples/examples/Read_port_write_port/Read_port_write_port.ino	MegaCore:avr:can128:bootloader=uart0,BOD=3v8,LTO=Os,clock=8MHz_external	1.6.9	188	0	0	false	0	0		0	
2020-06-29 02:21:05	149	149.152	https://travis-ci.org/MCUdude/MegaCore/jobs/702976386	push		false	master	c33c287a1de7916ed5e421af3e0bc9e388d821e0	0c3077bd2f6e...c33c287a1de7	All hardware serial ports may be used to upload	/home/travis/Arduino/hardware/MegaCore/avr/libraries/AVR_examples/examples/Measure_period_length/Measure_period_length.ino	MegaCore:avr:can128:bootloader=uart0,BOD=3v8,LTO=Os,clock=8MHz_external	1.6.9	1978	202	0	false	0	0		0	
2020-06-29 02:21:10	149	149.152	https://travis-ci.org/MCUdude/MegaCore/jobs/702976386	push		false	master	c33c287a1de7916ed5e421af3e0bc9e388d821e0	0c3077bd2f6e...c33c287a1de7	All hardware serial ports may be used to upload	/home/travis/Arduino/hardware/MegaCore/avr/libraries/AVR_examples/examples/Watch_dog_timer/Watch_dog_timer.ino	MegaCore:avr:can128:bootloader=uart0,BOD=3v8,LTO=Os,clock=8MHz_external	1.6.9	280	2	0	false	0	0		0	
2020-06-29 02:21:14	149	149.152	https://travis-ci.org/MCUdude/MegaCore/jobs/702976386	push		false	master	c33c287a1de7916ed5e421af3e0bc9e388d821e0	0c3077bd2f6e...c33c287a1de7	All hardware serial ports may be used to upload	/home/travis/Arduino/hardware/MegaCore/avr/libraries/AVR_examples/examples/Blink/Blink.ino	MegaCore:avr:can128:bootloader=uart0,BOD=3v8,LTO=Os,clock=8MHz_external	1.6.9	220	0	0	false	0	0		0	
2020-06-29 02:21:20	149	149.152	https://travis-ci.org/MCUdude/MegaCore/jobs/702976386	push		false	master	c33c287a1de7916ed5e421af3e0bc9e388d821e0	0c3077bd2f6e...c33c287a1de7	All hardware serial ports may be used to upload	/home/travis/Arduino/hardware/MegaCore/avr/libraries/SD/examples/Datalogger/Datalogger.ino	MegaCore:avr:can128:bootloader=uart0,BOD=3v8,LTO=Os,clock=8MHz_external	1.6.9	14280	945	5	false	0	0		0	
2020-06-29 02:21:25	149	149.152	https://travis-ci.org/MCUdude/MegaCore/jobs/702976386	push		false	master	c33c287a1de7916ed5e421af3e0bc9e388d821e0	0c3077bd2f6e...c33c287a1de7	All hardware serial ports may be used to upload	/home/travis/Arduino/hardware/MegaCore/avr/libraries/SD/examples/CardInfo/CardInfo.ino	MegaCore:avr:can128:bootloader=uart0,BOD=3v8,LTO=Os,clock=8MHz_external	1.6.9	11802	1370	5	false	0	0		0	
2020-06-29 02:21:30	149	149.152	https://travis-ci.org/MCUdude/MegaCore/jobs/702976386	push		false	master	c33c287a1de7916ed5e421af3e0bc9e388d821e0	0c3077bd2f6e...c33c287a1de7	All hardware serial ports may be used to upload	/home/travis/Arduino/hardware/MegaCore/avr/libraries/SD/examples/ReadWrite/ReadWrite.ino	MegaCore:avr:can128:bootloader=uart0,BOD=3v8,LTO=Os,clock=8MHz_external	1.6.9	13232	1014	5	false	0	0		0	
2020-06-29 02:21:35	149	149.152	https://travis-ci.org/MCUdude/MegaCore/jobs/702976386	push		false	master	c33c287a1de7916ed5e421af3e0bc9e388d821e0	0c3077bd2f6e...c33c287a1de7	All hardware serial ports may be used to upload	/home/travis/Arduino/hardware/MegaCore/avr/libraries/SD/examples/listfiles/listfiles.ino	MegaCore:avr:can128:bootloader=uart0,BOD=3v8,LTO=Os,clock=8MHz_external	1.6.9	13966	950	5	false	0	0		0	
2020-06-29 02:21:41	149	149.152	https://travis-ci.org/MCUdude/MegaCore/jobs/702976386	push		false	master	c33c287a1de7916ed5e421af3e0bc9e388d821e0	0c3077bd2f6e...c33c287a1de7	All hardware serial ports may be used to upload	/home/travis/Arduino/hardware/MegaCore/avr/libraries/SD/examples/DumpFile/DumpFile.ino	MegaCore:avr:can128:bootloader=uart0,BOD=3v8,LTO=Os,clock=8MHz_external	1.6.9	12906	943	5	false	0	0		0	
2020-06-29 02:21:46	149	149.152	https://travis-ci.org/MCUdude/MegaCore/jobs/702976386	push		false	master	c33c287a1de7916ed5e421af3e0bc9e388d821e0	0c3077bd2f6e...c33c287a1de7	All hardware serial ports may be used to upload	/home/travis/Arduino/hardware/MegaCore/avr/libraries/SD/examples/Files/Files.ino	MegaCore:avr:can128:bootloader=uart0,BOD=3v8,LTO=Os,clock=8MHz_external	1.6.9	13822	1048	5	false	0	0		0	
2020-06-29 02:21:50	149	149.152	https://travis-ci.org/MCUdude/MegaCore/jobs/702976386	push		false	master	c33c287a1de7916ed5e421af3e0bc9e388d821e0	0c3077bd2f6e...c33c287a1de7	All hardware serial ports may be used to upload	/home/travis/Arduino/hardware/MegaCore/avr/libraries/SoftwareSerial/examples/SoftwareSerialExample/SoftwareSerialExample.ino	MegaCore:avr:can128:bootloader=uart0,BOD=3v8,LTO=Os,clock=8MHz_external	1.6.9	4916	363	0	false	0	0		0	
2020-06-29 02:21:55	149	149.152	https://travis-ci.org/MCUdude/MegaCore/jobs/702976386	push		false	master	c33c287a1de7916ed5e421af3e0bc9e388d821e0	0c3077bd2f6e...c33c287a1de7	All hardware serial ports may be used to upload	/home/travis/Arduino/hardware/MegaCore/avr/libraries/SoftwareSerial/examples/TwoPortReceive/TwoPortReceive.ino	MegaCore:avr:can128:bootloader=uart0,BOD=3v8,LTO=Os,clock=8MHz_external	1.6.9	5016	404	0	false	0	0		0	
2020-06-29 02:21:59	149	149.152	https://travis-ci.org/MCUdude/MegaCore/jobs/702976386	push		false	master	c33c287a1de7916ed5e421af3e0bc9e388d821e0	0c3077bd2f6e...c33c287a1de7	All hardware serial ports may be used to upload	/home/travis/Arduino/hardware/MegaCore/avr/libraries/Servo/examples/Knob/Knob.ino	MegaCore:avr:can128:bootloader=uart0,BOD=3v8,LTO=Os,clock=8MHz_external	1.6.9	2920	60	0	false	0	0		0	
2020-06-29 02:22:04	149	149.152	https://travis-ci.org/MCUdude/MegaCore/jobs/702976386	push		false	master	c33c287a1de7916ed5e421af3e0bc9e388d821e0	0c3077bd2f6e...c33c287a1de7	All hardware serial ports may be used to upload	/home/travis/Arduino/hardware/MegaCore/avr/libraries/Servo/examples/Sweep/Sweep.ino	MegaCore:avr:can128:bootloader=uart0,BOD=3v8,LTO=Os,clock=8MHz_external	1.6.9	2840	56	0	false	0	0		0	
2020-06-29 02:22:08	149	149.152	https://travis-ci.org/MCUdude/MegaCore/jobs/702976386	push		false	master	c33c287a1de7916ed5e421af3e0bc9e388d821e0	0c3077bd2f6e...c33c287a1de7	All hardware serial ports may be used to upload	/home/travis/Arduino/hardware/MegaCore/avr/libraries/EEPROM/examples/eeprom_get/eeprom_get.ino	MegaCore:avr:can128:bootloader=uart0,BOD=3v8,LTO=Os,clock=8MHz_external	1.6.9	4060	258	0	false	0	0		0	
2020-06-29 02:22:13	149	149.152	https://travis-ci.org/MCUdude/MegaCore/jobs/702976386	push		false	master	c33c287a1de7916ed5e421af3e0bc9e388d821e0	0c3077bd2f6e...c33c287a1de7	All hardware serial ports may be used to upload	/home/travis/Arduino/hardware/MegaCore/avr/libraries/EEPROM/examples/eeprom_crc/eeprom_crc.ino	MegaCore:avr:can128:bootloader=uart0,BOD=3v8,LTO=Os,clock=8MHz_external	1.6.9	2664	312	0	false	0	0		0	
2020-06-29 02:22:17	149	149.152	https://travis-ci.org/MCUdude/MegaCore/jobs/702976386	push		false	master	c33c287a1de7916ed5e421af3e0bc9e388d821e0	0c3077bd2f6e...c33c287a1de7	All hardware serial ports may be used to upload	/home/travis/Arduino/hardware/MegaCore/avr/libraries/EEPROM/examples/eeprom_read/eeprom_read.ino	MegaCore:avr:can128:bootloader=uart0,BOD=3v8,LTO=Os,clock=8MHz_external	1.6.9	2428	205	0	false	0	0		0	
2020-06-29 02:22:22	149	149.152	https://travis-ci.org/MCUdude/MegaCore/jobs/702976386	push		false	master	c33c287a1de7916ed5e421af3e0bc9e388d821e0	0c3077bd2f6e...c33c287a1de7	All hardware serial ports may be used to upload	/home/travis/Arduino/hardware/MegaCore/avr/libraries/EEPROM/examples/eeprom_clear/eeprom_clear.ino	MegaCore:avr:can128:bootloader=uart0,BOD=3v8,LTO=Os,clock=8MHz_external	1.6.9	992	9	0	false	0	0		0	
2020-06-29 02:22:26	149	149.152	https://travis-ci.org/MCUdude/MegaCore/jobs/702976386	push		false	master	c33c287a1de7916ed5e421af3e0bc9e388d821e0	0c3077bd2f6e...c33c287a1de7	All hardware serial ports may be used to upload	/home/travis/Arduino/hardware/MegaCore/avr/libraries/EEPROM/examples/eeprom_write/eeprom_write.ino	MegaCore:avr:can128:bootloader=uart0,BOD=3v8,LTO=Os,clock=8MHz_external	1.6.9	902	13	0	false	0	0		0	
2020-06-29 02:22:31	149	149.152	https://travis-ci.org/MCUdude/MegaCore/jobs/702976386	push		false	master	c33c287a1de7916ed5e421af3e0bc9e388d821e0	0c3077bd2f6e...c33c287a1de7	All hardware serial ports may be used to upload	/home/travis/Arduino/hardware/MegaCore/avr/libraries/EEPROM/examples/eeprom_iteration/eeprom_iteration.ino	MegaCore:avr:can128:bootloader=uart0,BOD=3v8,LTO=Os,clock=8MHz_external	1.6.9	736	9	0	false	0	0		0	
2020-06-29 02:22:35	149	149.152	https://travis-ci.org/MCUdude/MegaCore/jobs/702976386	push		false	master	c33c287a1de7916ed5e421af3e0bc9e388d821e0	0c3077bd2f6e...c33c287a1de7	All hardware serial ports may be used to upload	/home/travis/Arduino/hardware/MegaCore/avr/libraries/EEPROM/examples/eeprom_update/eeprom_update.ino	MegaCore:avr:can128:bootloader=uart0,BOD=3v8,LTO=Os,clock=8MHz_external	1.6.9	952	13	0	false	0	0		0	
2020-06-29 02:22:39	149	149.152	https://travis-ci.org/MCUdude/MegaCore/jobs/702976386	push		false	master	c33c287a1de7916ed5e421af3e0bc9e388d821e0	0c3077bd2f6e...c33c287a1de7	All hardware serial ports may be used to upload	/home/travis/Arduino/hardware/MegaCore/avr/libraries/EEPROM/examples/eeprom_put/eeprom_put.ino	MegaCore:avr:can128:bootloader=uart0,BOD=3v8,LTO=Os,clock=8MHz_external	1.6.9	2360	342	0	false	0	0		0	
2020-06-29 02:22:44	149	149.152	https://travis-ci.org/MCUdude/MegaCore/jobs/702976386	push		false	master	c33c287a1de7916ed5e421af3e0bc9e388d821e0	0c3077bd2f6e...c33c287a1de7	All hardware serial ports may be used to upload	/home/travis/Arduino/hardware/MegaCore/avr/libraries/Optiboot_flasher/examples/SerialReadWrite/SerialReadWrite.ino	MegaCore:avr:can128:bootloader=uart0,BOD=3v8,LTO=Os,clock=8MHz_external	1.6.9	7796	467	0	false	0	0		0	
2020-06-29 02:22:48	149	149.152	https://travis-ci.org/MCUdude/MegaCore/jobs/702976386	push		false	master	c33c287a1de7916ed5e421af3e0bc9e388d821e0	0c3077bd2f6e...c33c287a1de7	All hardware serial ports may be used to upload	/home/travis/Arduino/hardware/MegaCore/avr/libraries/Timer/examples/Events/Events.ino	MegaCore:avr:can128:bootloader=uart0,BOD=3v8,LTO=Os,clock=8MHz_external	1.6.9	4194	552	0	false	0	0		0	
2020-06-29 02:22:53	149	149.152	https://travis-ci.org/MCUdude/MegaCore/jobs/702976386	push		false	master	c33c287a1de7916ed5e421af3e0bc9e388d821e0	0c3077bd2f6e...c33c287a1de7	All hardware serial ports may be used to upload	/home/travis/Arduino/hardware/MegaCore/avr/libraries/Timer/examples/Pin_high_10_minutes/Pin_high_10_minutes.ino	MegaCore:avr:can128:bootloader=uart0,BOD=3v8,LTO=Os,clock=8MHz_external	1.6.9	1702	205	1	false	0	0		0	
2020-06-29 02:22:58	149	149.152	https://travis-ci.org/MCUdude/MegaCore/jobs/702976386	push		false	master	c33c287a1de7916ed5e421af3e0bc9e388d821e0	0c3077bd2f6e...c33c287a1de7	All hardware serial ports may be used to upload	/home/travis/Arduino/hardware/MegaCore/avr/libraries/Timer/examples/Multitasking/Multitasking.ino	MegaCore:avr:can128:bootloader=uart0,BOD=3v8,LTO=Os,clock=8MHz_external	1.6.9	3684	456	1	false	0	0		0	
2020-06-29 02:23:02	149	149.152	https://travis-ci.org/MCUdude/MegaCore/jobs/702976386	push		false	master	c33c287a1de7916ed5e421af3e0bc9e388d821e0	0c3077bd2f6e...c33c287a1de7	All hardware serial ports may be used to upload	/home/travis/Arduino/hardware/MegaCore/avr/libraries/Timer/examples/TimerTest/TimerTest.ino	MegaCore:avr:can128:bootloader=uart0,BOD=3v8,LTO=Os,clock=8MHz_external	1.6.9	1668	203	0	false	0	0		0	
2020-06-29 02:23:07	149	149.152	https://travis-ci.org/MCUdude/MegaCore/jobs/702976386	push		false	master	c33c287a1de7916ed5e421af3e0bc9e388d821e0	0c3077bd2f6e...c33c287a1de7	All hardware serial ports may be used to upload	/home/travis/Arduino/hardware/MegaCore/avr/libraries/SPI/examples/BarometricPressureSensor/BarometricPressureSensor.ino	MegaCore:avr:can128:bootloader=uart0,BOD=3v8,LTO=Os,clock=8MHz_external	1.6.9	6932	237	1	false	0	0		0	
2020-06-29 02:23:11	149	149.152	https://travis-ci.org/MCUdude/MegaCore/jobs/702976386	push		false	master	c33c287a1de7916ed5e421af3e0bc9e388d821e0	0c3077bd2f6e...c33c287a1de7	All hardware serial ports may be used to upload	/home/travis/Arduino/hardware/MegaCore/avr/libraries/SPI/examples/DigitalPotControl/DigitalPotControl.ino	MegaCore:avr:can128:bootloader=uart0,BOD=3v8,LTO=Os,clock=8MHz_external	1.6.9	1524	10	0	false	0	0		0	
2020-06-29 02:23:16	149	149.152	https://travis-ci.org/MCUdude/MegaCore/jobs/702976386	push		false	master	c33c287a1de7916ed5e421af3e0bc9e388d821e0	0c3077bd2f6e...c33c287a1de7	All hardware serial ports may be used to upload	/home/travis/Arduino/hardware/MegaCore/avr/libraries/Wire/examples/i2c_scanner/i2c_scanner.ino	MegaCore:avr:can128:bootloader=uart0,BOD=3v8,LTO=Os,clock=8MHz_external	1.6.9	4612	532	0	false	0	0		0	
2020-06-29 02:23:20	149	149.152	https://travis-ci.org/MCUdude/MegaCore/jobs/702976386	push		false	master	c33c287a1de7916ed5e421af3e0bc9e388d821e0	0c3077bd2f6e...c33c287a1de7	All hardware serial ports may be used to upload	/home/travis/Arduino/hardware/MegaCore/avr/libraries/Wire/examples/SFRRanger_reader/SFRRanger_reader.ino	MegaCore:avr:can128:bootloader=uart0,BOD=3v8,LTO=Os,clock=8MHz_external	1.6.9	4890	416	0	false	0	0		0	
2020-06-29 02:23:25	149	149.152	https://travis-ci.org/MCUdude/MegaCore/jobs/702976386	push		false	master	c33c287a1de7916ed5e421af3e0bc9e388d821e0	0c3077bd2f6e...c33c287a1de7	All hardware serial ports may be used to upload	/home/travis/Arduino/hardware/MegaCore/avr/libraries/Wire/examples/master_writer/master_writer.ino	MegaCore:avr:can128:bootloader=uart0,BOD=3v8,LTO=Os,clock=8MHz_external	1.6.9	2786	230	0	false	0	0		0	
2020-06-29 02:23:30	149	149.152	https://travis-ci.org/MCUdude/MegaCore/jobs/702976386	push		false	master	c33c287a1de7916ed5e421af3e0bc9e388d821e0	0c3077bd2f6e...c33c287a1de7	All hardware serial ports may be used to upload	/home/travis/Arduino/hardware/MegaCore/avr/libraries/Wire/examples/digital_potentiometer/digital_potentiometer.ino	MegaCore:avr:can128:bootloader=uart0,BOD=3v8,LTO=Os,clock=8MHz_external	1.6.9	2772	224	0	false	0	0		0	
2020-06-29 02:23:34	149	149.152	https://travis-ci.org/MCUdude/MegaCore/jobs/702976386	push		false	master	c33c287a1de7916ed5e421af3e0bc9e388d821e0	0c3077bd2f6e...c33c287a1de7	All hardware serial ports may be used to upload	/home/travis/Arduino/hardware/MegaCore/avr/libraries/Wire/examples/slave_receiver/slave_receiver.ino	MegaCore:avr:can128:bootloader=uart0,BOD=3v8,LTO=Os,clock=8MHz_external	1.6.9	4260	413	1	false	0	0		0	
2020-06-29 02:23:39	149	149.152	https://travis-ci.org/MCUdude/MegaCore/jobs/702976386	push		false	master	c33c287a1de7916ed5e421af3e0bc9e388d821e0	0c3077bd2f6e...c33c287a1de7	All hardware serial ports may be used to upload	/home/travis/Arduino/hardware/MegaCore/avr/libraries/Wire/examples/master_reader/master_reader.ino	MegaCore:avr:can128:bootloader=uart0,BOD=3v8,LTO=Os,clock=8MHz_external	1.6.9	4340	398	0	false	0	0		0	
2020-06-29 02:23:44	149	149.152	https://travis-ci.org/MCUdude/MegaCore/jobs/702976386	push		false	master	c33c287a1de7916ed5e421af3e0bc9e388d821e0	0c3077bd2f6e...c33c287a1de7	All hardware serial ports may be used to upload	/home/travis/Arduino/hardware/MegaCore/avr/libraries/Wire/examples/slave_sender/slave_sender.ino	MegaCore:avr:can128:bootloader=uart0,BOD=3v8,LTO=Os,clock=8MHz_external	1.6.9	2572	230	0	false	0	0		0	
2020-06-29 02:23:51	149	149.152	https://travis-ci.org/MCUdude/MegaCore/jobs/702976386	push		false	master	c33c287a1de7916ed5e421af3e0bc9e388d821e0	0c3077bd2f6e...c33c287a1de7	All hardware serial ports may be used to upload	/home/travis/Arduino/hardware/MegaCore/avr/libraries/Ethernet/examples/UDPSendReceiveString/UDPSendReceiveString.ino	MegaCore:avr:can128:bootloader=uart0,BOD=3v8,LTO=Os,clock=8MHz_external	1.6.13	12264	643	0	false	0	0		0	
2020-06-29 02:23:57	149	149.152	https://travis-ci.org/MCUdude/MegaCore/jobs/702976386	push		false	master	c33c287a1de7916ed5e421af3e0bc9e388d821e0	0c3077bd2f6e...c33c287a1de7	All hardware serial ports may be used to upload	/home/travis/Arduino/hardware/MegaCore/avr/libraries/Ethernet/examples/TwitterClient/TwitterClient.ino	MegaCore:avr:can128:bootloader=uart0,BOD=3v8,LTO=Os,clock=8MHz_external	1.6.13	19514	912	0	false	0	0		0	
2020-06-29 02:24:03	149	149.152	https://travis-ci.org/MCUdude/MegaCore/jobs/702976386	push		false	master	c33c287a1de7916ed5e421af3e0bc9e388d821e0	0c3077bd2f6e...c33c287a1de7	All hardware serial ports may be used to upload	/home/travis/Arduino/hardware/MegaCore/avr/libraries/Ethernet/examples/WebClientRepeating/WebClientRepeating.ino	MegaCore:avr:can128:bootloader=uart0,BOD=3v8,LTO=Os,clock=8MHz_external	1.6.13	17836	957	0	false	0	0		0	
2020-06-29 02:24:08	149	149.152	https://travis-ci.org/MCUdude/MegaCore/jobs/702976386	push		false	master	c33c287a1de7916ed5e421af3e0bc9e388d821e0	0c3077bd2f6e...c33c287a1de7	All hardware serial ports may be used to upload	/home/travis/Arduino/hardware/MegaCore/avr/libraries/Ethernet/examples/UdpNtpClient/UdpNtpClient.ino	MegaCore:avr:can128:bootloader=uart0,BOD=3v8,LTO=Os,clock=8MHz_external	1.6.13	15590	823	0	false	0	0		0	
2020-06-29 02:24:14	149	149.152	https://travis-ci.org/MCUdude/MegaCore/jobs/702976386	push		false	master	c33c287a1de7916ed5e421af3e0bc9e388d821e0	0c3077bd2f6e...c33c287a1de7	All hardware serial ports may be used to upload	/home/travis/Arduino/hardware/MegaCore/avr/libraries/Ethernet/examples/WebClient/WebClient.ino	MegaCore:avr:can128:bootloader=uart0,BOD=3v8,LTO=Os,clock=8MHz_external	1.6.13	19904	1007	0	false	0	0		0	
2020-06-29 02:24:19	149	149.152	https://travis-ci.org/MCUdude/MegaCore/jobs/702976386	push		false	master	c33c287a1de7916ed5e421af3e0bc9e388d821e0	0c3077bd2f6e...c33c287a1de7	All hardware serial ports may be used to upload	/home/travis/Arduino/hardware/MegaCore/avr/libraries/Ethernet/examples/ChatServer/ChatServer.ino	MegaCore:avr:can128:bootloader=uart0,BOD=3v8,LTO=Os,clock=8MHz_external	1.6.13	14514	673	0	false	0	0		0	
2020-06-29 02:24:25	149	149.152	https://travis-ci.org/MCUdude/MegaCore/jobs/702976386	push		false	master	c33c287a1de7916ed5e421af3e0bc9e388d821e0	0c3077bd2f6e...c33c287a1de7	All hardware serial ports may be used to upload	/home/travis/Arduino/hardware/MegaCore/avr/libraries/Ethernet/examples/DhcpAddressPrinter/DhcpAddressPrinter.ino	MegaCore:avr:can128:bootloader=uart0,BOD=3v8,LTO=Os,clock=8MHz_external	1.6.13	15302	790	0	false	0	0		0	
2020-06-29 02:24:30	149	149.152	https://travis-ci.org/MCUdude/MegaCore/jobs/702976386	push		false	master	c33c287a1de7916ed5e421af3e0bc9e388d821e0	0c3077bd2f6e...c33c287a1de7	All hardware serial ports may be used to upload	/home/travis/Arduino/hardware/MegaCore/avr/libraries/Ethernet/examples/XivelyClient/XivelyClient.ino	MegaCore:avr:can128:bootloader=uart0,BOD=3v8,LTO=Os,clock=8MHz_external	1.6.13	18170	872	0	false	0	0		0	
2020-06-29 02:24:36	149	149.152	https://travis-ci.org/MCUdude/MegaCore/jobs/702976386	push		false	master	c33c287a1de7916ed5e421af3e0bc9e388d821e0	0c3077bd2f6e...c33c287a1de7	All hardware serial ports may be used to upload	/home/travis/Arduino/hardware/MegaCore/avr/libraries/Ethernet/examples/XivelyClientString/XivelyClientString.ino	MegaCore:avr:can128:bootloader=uart0,BOD=3v8,LTO=Os,clock=8MHz_external	1.6.13	19966	892	0	false	0	0		0	
2020-06-29 02:24:41	149	149.152	https://travis-ci.org/MCUdude/MegaCore/jobs/702976386	push		false	master	c33c287a1de7916ed5e421af3e0bc9e388d821e0	0c3077bd2f6e...c33c287a1de7	All hardware serial ports may be used to upload	/home/travis/Arduino/hardware/MegaCore/avr/libraries/Ethernet/examples/LinkStatus/LinkStatus.ino	MegaCore:avr:can128:bootloader=uart0,BOD=3v8,LTO=Os,clock=8MHz_external	1.6.13	5074	316	0	false	0	0		0	
2020-06-29 02:24:47	149	149.152	https://travis-ci.org/MCUdude/MegaCore/jobs/702976386	push		false	master	c33c287a1de7916ed5e421af3e0bc9e388d821e0	0c3077bd2f6e...c33c287a1de7	All hardware serial ports may be used to upload	/home/travis/Arduino/hardware/MegaCore/avr/libraries/Ethernet/examples/BarometricPressureWebServer/BarometricPressureWebServer.ino	MegaCore:avr:can128:bootloader=uart0,BOD=3v8,LTO=Os,clock=8MHz_external	1.6.13	19080	734	2	false	0	0		0	
2020-06-29 02:24:53	149	149.152	https://travis-ci.org/MCUdude/MegaCore/jobs/702976386	push		false	master	c33c287a1de7916ed5e421af3e0bc9e388d821e0	0c3077bd2f6e...c33c287a1de7	All hardware serial ports may be used to upload	/home/travis/Arduino/hardware/MegaCore/avr/libraries/Ethernet/examples/DhcpChatServer/DhcpChatServer.ino	MegaCore:avr:can128:bootloader=uart0,BOD=3v8,LTO=Os,clock=8MHz_external	1.6.13	18592	857	0	false	0	0		0	
2020-06-29 02:24:58	149	149.152	https://travis-ci.org/MCUdude/MegaCore/jobs/702976386	push		false	master	c33c287a1de7916ed5e421af3e0bc9e388d821e0	0c3077bd2f6e...c33c287a1de7	All hardware serial ports may be used to upload	/home/travis/Arduino/hardware/MegaCore/avr/libraries/Ethernet/examples/WebServer/WebServer.ino	MegaCore:avr:can128:bootloader=uart0,BOD=3v8,LTO=Os,clock=8MHz_external	1.6.13	15480	796	0	false	0	0		0	
2020-06-29 02:25:04	149	149.152	https://travis-ci.org/MCUdude/MegaCore/jobs/702976386	push		false	master	c33c287a1de7916ed5e421af3e0bc9e388d821e0	0c3077bd2f6e...c33c287a1de7	All hardware serial ports may be used to upload	/home/travis/Arduino/hardware/MegaCore/avr/libraries/Ethernet/examples/TelnetClient/TelnetClient.ino	MegaCore:avr:can128:bootloader=uart0,BOD=3v8,LTO=Os,clock=8MHz_external	1.6.13	14100	653	0	false	0	0		0	
2020-06-29 02:25:09	149	149.152	https://travis-ci.org/MCUdude/MegaCore/jobs/702976386	push		false	master	c33c287a1de7916ed5e421af3e0bc9e388d821e0	0c3077bd2f6e...c33c287a1de7	All hardware serial ports may be used to upload	/home/travis/Arduino/hardware/MegaCore/avr/libraries/Ethernet/examples/PachubeClient/PachubeClient.ino	MegaCore:avr:can128:bootloader=uart0,BOD=3v8,LTO=Os,clock=8MHz_external	1.6.13	18172	874	0	false	0	0		0	
2020-06-29 02:25:15	149	149.152	https://travis-ci.org/MCUdude/MegaCore/jobs/702976386	push		false	master	c33c287a1de7916ed5e421af3e0bc9e388d821e0	0c3077bd2f6e...c33c287a1de7	All hardware serial ports may be used to upload	/home/travis/Arduino/hardware/MegaCore/avr/libraries/Ethernet/examples/PachubeClientString/PachubeClientString.ino	MegaCore:avr:can128:bootloader=uart0,BOD=3v8,LTO=Os,clock=8MHz_external	1.6.13	19968	894	0	false	0	0		0	
2020-06-29 02:25:20	149	149.152	https://travis-ci.org/MCUdude/MegaCore/jobs/702976386	push		false	master	c33c287a1de7916ed5e421af3e0bc9e388d821e0	0c3077bd2f6e...c33c287a1de7	All hardware serial ports may be used to upload	/home/travis/Arduino/hardware/MegaCore/avr/libraries/Ethernet/examples/AdvancedChatServer/AdvancedChatServer.ino	MegaCore:avr:can128:bootloader=uart0,BOD=3v8,LTO=Os,clock=8MHz_external	1.6.13	15370	822	0	false	0	0		0	
2020-06-29 02:25:25	149	149.152	https://travis-ci.org/MCUdude/MegaCore/jobs/702976386	push		false	master	c33c287a1de7916ed5e421af3e0bc9e388d821e0	0c3077bd2f6e...c33c287a1de7	All hardware serial ports may be used to upload	/home/travis/Arduino/hardware/MegaCore/avr/libraries/AVR_examples/examples/Blink_using_Timer0/Blink_using_Timer0.ino	MegaCore:avr:can128:bootloader=uart0,BOD=3v8,LTO=Os,clock=8MHz_external	1.6.13	286	3	0	false	0	0		0	
2020-06-29 02:25:29	149	149.152	https://travis-ci.org/MCUdude/MegaCore/jobs/702976386	push		false	master	c33c287a1de7916ed5e421af3e0bc9e388d821e0	0c3077bd2f6e...c33c287a1de7	All hardware serial ports may be used to upload	/home/travis/Arduino/hardware/MegaCore/avr/libraries/AVR_examples/examples/Read_port_write_port/Read_port_write_port.ino	MegaCore:avr:can128:bootloader=uart0,BOD=3v8,LTO=Os,clock=8MHz_external	1.6.13	188	0	0	false	0	0		0	
2020-06-29 02:25:34	149	149.152	https://travis-ci.org/MCUdude/MegaCore/jobs/702976386	push		false	master	c33c287a1de7916ed5e421af3e0bc9e388d821e0	0c3077bd2f6e...c33c287a1de7	All hardware serial ports may be used to upload	/home/travis/Arduino/hardware/MegaCore/avr/libraries/AVR_examples/examples/Measure_period_length/Measure_period_length.ino	MegaCore:avr:can128:bootloader=uart0,BOD=3v8,LTO=Os,clock=8MHz_external	1.6.13	1872	202	0	false	0	0		0	
2020-06-29 02:25:38	149	149.152	https://travis-ci.org/MCUdude/MegaCore/jobs/702976386	push		false	master	c33c287a1de7916ed5e421af3e0bc9e388d821e0	0c3077bd2f6e...c33c287a1de7	All hardware serial ports may be used to upload	/home/travis/Arduino/hardware/MegaCore/avr/libraries/AVR_examples/examples/Watch_dog_timer/Watch_dog_timer.ino	MegaCore:avr:can128:bootloader=uart0,BOD=3v8,LTO=Os,clock=8MHz_external	1.6.13	278	2	0	false	0	0		0	
2020-06-29 02:25:43	149	149.152	https://travis-ci.org/MCUdude/MegaCore/jobs/702976386	push		false	master	c33c287a1de7916ed5e421af3e0bc9e388d821e0	0c3077bd2f6e...c33c287a1de7	All hardware serial ports may be used to upload	/home/travis/Arduino/hardware/MegaCore/avr/libraries/AVR_examples/examples/Blink/Blink.ino	MegaCore:avr:can128:bootloader=uart0,BOD=3v8,LTO=Os,clock=8MHz_external	1.6.13	220	0	0	false	0	0		0	
2020-06-29 02:25:48	149	149.152	https://travis-ci.org/MCUdude/MegaCore/jobs/702976386	push		false	master	c33c287a1de7916ed5e421af3e0bc9e388d821e0	0c3077bd2f6e...c33c287a1de7	All hardware serial ports may be used to upload	/home/travis/Arduino/hardware/MegaCore/avr/libraries/SD/examples/Datalogger/Datalogger.ino	MegaCore:avr:can128:bootloader=uart0,BOD=3v8,LTO=Os,clock=8MHz_external	1.6.13	14150	945	5	false	0	0		0	
2020-06-29 02:25:54	149	149.152	https://travis-ci.org/MCUdude/MegaCore/jobs/702976386	push		false	master	c33c287a1de7916ed5e421af3e0bc9e388d821e0	0c3077bd2f6e...c33c287a1de7	All hardware serial ports may be used to upload	/home/travis/Arduino/hardware/MegaCore/avr/libraries/SD/examples/CardInfo/CardInfo.ino	MegaCore:avr:can128:bootloader=uart0,BOD=3v8,LTO=Os,clock=8MHz_external	1.6.13	11656	1370	5	false	0	0		0	
2020-06-29 02:25:59	149	149.152	https://travis-ci.org/MCUdude/MegaCore/jobs/702976386	push		false	master	c33c287a1de7916ed5e421af3e0bc9e388d821e0	0c3077bd2f6e...c33c287a1de7	All hardware serial ports may be used to upload	/home/travis/Arduino/hardware/MegaCore/avr/libraries/SD/examples/ReadWrite/ReadWrite.ino	MegaCore:avr:can128:bootloader=uart0,BOD=3v8,LTO=Os,clock=8MHz_external	1.6.13	13092	1014	5	false	0	0		0	
2020-06-29 02:26:04	149	149.152	https://travis-ci.org/MCUdude/MegaCore/jobs/702976386	push		false	master	c33c287a1de7916ed5e421af3e0bc9e388d821e0	0c3077bd2f6e...c33c287a1de7	All hardware serial ports may be used to upload	/home/travis/Arduino/hardware/MegaCore/avr/libraries/SD/examples/listfiles/listfiles.ino	MegaCore:avr:can128:bootloader=uart0,BOD=3v8,LTO=Os,clock=8MHz_external	1.6.13	13822	950	5	false	0	0		0	
2020-06-29 02:26:10	149	149.152	https://travis-ci.org/MCUdude/MegaCore/jobs/702976386	push		false	master	c33c287a1de7916ed5e421af3e0bc9e388d821e0	0c3077bd2f6e...c33c287a1de7	All hardware serial ports may be used to upload	/home/travis/Arduino/hardware/MegaCore/avr/libraries/SD/examples/DumpFile/DumpFile.ino	MegaCore:avr:can128:bootloader=uart0,BOD=3v8,LTO=Os,clock=8MHz_external	1.6.13	12766	943	5	false	0	0		0	
2020-06-29 02:26:15	149	149.152	https://travis-ci.org/MCUdude/MegaCore/jobs/702976386	push		false	master	c33c287a1de7916ed5e421af3e0bc9e388d821e0	0c3077bd2f6e...c33c287a1de7	All hardware serial ports may be used to upload	/home/travis/Arduino/hardware/MegaCore/avr/libraries/SD/examples/Files/Files.ino	MegaCore:avr:can128:bootloader=uart0,BOD=3v8,LTO=Os,clock=8MHz_external	1.6.13	13706	1048	5	false	0	0		0	
2020-06-29 02:26:20	149	149.152	https://travis-ci.org/MCUdude/MegaCore/jobs/702976386	push		false	master	c33c287a1de7916ed5e421af3e0bc9e388d821e0	0c3077bd2f6e...c33c287a1de7	All hardware serial ports may be used to upload	/home/travis/Arduino/hardware/MegaCore/avr/libraries/SoftwareSerial/examples/SoftwareSerialExample/SoftwareSerialExample.ino	MegaCore:avr:can128:bootloader=uart0,BOD=3v8,LTO=Os,clock=8MHz_external	1.6.13	4784	363	0	false	0	0		0	
2020-06-29 02:26:24	149	149.152	https://travis-ci.org/MCUdude/MegaCore/jobs/702976386	push		false	master	c33c287a1de7916ed5e421af3e0bc9e388d821e0	0c3077bd2f6e...c33c287a1de7	All hardware serial ports may be used to upload	/home/travis/Arduino/hardware/MegaCore/avr/libraries/SoftwareSerial/examples/TwoPortReceive/TwoPortReceive.ino	MegaCore:avr:can128:bootloader=uart0,BOD=3v8,LTO=Os,clock=8MHz_external	1.6.13	4870	404	0	false	0	0		0	
2020-06-29 02:26:29	149	149.152	https://travis-ci.org/MCUdude/MegaCore/jobs/702976386	push		false	master	c33c287a1de7916ed5e421af3e0bc9e388d821e0	0c3077bd2f6e...c33c287a1de7	All hardware serial ports may be used to upload	/home/travis/Arduino/hardware/MegaCore/avr/libraries/Servo/examples/Knob/Knob.ino	MegaCore:avr:can128:bootloader=uart0,BOD=3v8,LTO=Os,clock=8MHz_external	1.6.13	2900	60	0	false	0	0		0	
2020-06-29 02:26:34	149	149.152	https://travis-ci.org/MCUdude/MegaCore/jobs/702976386	push		false	master	c33c287a1de7916ed5e421af3e0bc9e388d821e0	0c3077bd2f6e...c33c287a1de7	All hardware serial ports may be used to upload	/home/travis/Arduino/hardware/MegaCore/avr/libraries/Servo/examples/Sweep/Sweep.ino	MegaCore:avr:can128:bootloader=uart0,BOD=3v8,LTO=Os,clock=8MHz_external	1.6.13	2822	56	0	false	0	0		0	
2020-06-29 02:26:38	149	149.152	https://travis-ci.org/MCUdude/MegaCore/jobs/702976386	push		false	master	c33c287a1de7916ed5e421af3e0bc9e388d821e0	0c3077bd2f6e...c33c287a1de7	All hardware serial ports may be used to upload	/home/travis/Arduino/hardware/MegaCore/avr/libraries/EEPROM/examples/eeprom_get/eeprom_get.ino	MegaCore:avr:can128:bootloader=uart0,BOD=3v8,LTO=Os,clock=8MHz_external	1.6.13	4032	258	0	false	0	0		0	
2020-06-29 02:26:43	149	149.152	https://travis-ci.org/MCUdude/MegaCore/jobs/702976386	push		false	master	c33c287a1de7916ed5e421af3e0bc9e388d821e0	0c3077bd2f6e...c33c287a1de7	All hardware serial ports may be used to upload	/home/travis/Arduino/hardware/MegaCore/avr/libraries/EEPROM/examples/eeprom_crc/eeprom_crc.ino	MegaCore:avr:can128:bootloader=uart0,BOD=3v8,LTO=Os,clock=8MHz_external	1.6.13	2554	312	0	false	0	0		0	
2020-06-29 02:26:47	149	149.152	https://travis-ci.org/MCUdude/MegaCore/jobs/702976386	push		false	master	c33c287a1de7916ed5e421af3e0bc9e388d821e0	0c3077bd2f6e...c33c287a1de7	All hardware serial ports may be used to upload	/home/travis/Arduino/hardware/MegaCore/avr/libraries/EEPROM/examples/eeprom_read/eeprom_read.ino	MegaCore:avr:can128:bootloader=uart0,BOD=3v8,LTO=Os,clock=8MHz_external	1.6.13	2330	205	0	false	0	0		0	
2020-06-29 02:26:51	149	149.152	https://travis-ci.org/MCUdude/MegaCore/jobs/702976386	push		false	master	c33c287a1de7916ed5e421af3e0bc9e388d821e0	0c3077bd2f6e...c33c287a1de7	All hardware serial ports may be used to upload	/home/travis/Arduino/hardware/MegaCore/avr/libraries/EEPROM/examples/eeprom_clear/eeprom_clear.ino	MegaCore:avr:can128:bootloader=uart0,BOD=3v8,LTO=Os,clock=8MHz_external	1.6.13	986	9	0	false	0	0		0	
2020-06-29 02:26:56	149	149.152	https://travis-ci.org/MCUdude/MegaCore/jobs/702976386	push		false	master	c33c287a1de7916ed5e421af3e0bc9e388d821e0	0c3077bd2f6e...c33c287a1de7	All hardware serial ports may be used to upload	/home/travis/Arduino/hardware/MegaCore/avr/libraries/EEPROM/examples/eeprom_write/eeprom_write.ino	MegaCore:avr:can128:bootloader=uart0,BOD=3v8,LTO=Os,clock=8MHz_external	1.6.13	910	13	0	false	0	0		0	
2020-06-29 02:27:00	149	149.152	https://travis-ci.org/MCUdude/MegaCore/jobs/702976386	push		false	master	c33c287a1de7916ed5e421af3e0bc9e388d821e0	0c3077bd2f6e...c33c287a1de7	All hardware serial ports may be used to upload	/home/travis/Arduino/hardware/MegaCore/avr/libraries/EEPROM/examples/eeprom_iteration/eeprom_iteration.ino	MegaCore:avr:can128:bootloader=uart0,BOD=3v8,LTO=Os,clock=8MHz_external	1.6.13	736	9	0	false	0	0		0	
2020-06-29 02:27:05	149	149.152	https://travis-ci.org/MCUdude/MegaCore/jobs/702976386	push		false	master	c33c287a1de7916ed5e421af3e0bc9e388d821e0	0c3077bd2f6e...c33c287a1de7	All hardware serial ports may be used to upload	/home/travis/Arduino/hardware/MegaCore/avr/libraries/EEPROM/examples/eeprom_update/eeprom_update.ino	MegaCore:avr:can128:bootloader=uart0,BOD=3v8,LTO=Os,clock=8MHz_external	1.6.13	960	13	0	false	0	0		0	
2020-06-29 02:27:09	149	149.152	https://travis-ci.org/MCUdude/MegaCore/jobs/702976386	push		false	master	c33c287a1de7916ed5e421af3e0bc9e388d821e0	0c3077bd2f6e...c33c287a1de7	All hardware serial ports may be used to upload	/home/travis/Arduino/hardware/MegaCore/avr/libraries/EEPROM/examples/eeprom_put/eeprom_put.ino	MegaCore:avr:can128:bootloader=uart0,BOD=3v8,LTO=Os,clock=8MHz_external	1.6.13	2276	342	0	false	0	0		0	
2020-06-29 02:27:14	149	149.152	https://travis-ci.org/MCUdude/MegaCore/jobs/702976386	push		false	master	c33c287a1de7916ed5e421af3e0bc9e388d821e0	0c3077bd2f6e...c33c287a1de7	All hardware serial ports may be used to upload	/home/travis/Arduino/hardware/MegaCore/avr/libraries/Optiboot_flasher/examples/SerialReadWrite/SerialReadWrite.ino	MegaCore:avr:can128:bootloader=uart0,BOD=3v8,LTO=Os,clock=8MHz_external	1.6.13	7732	467	0	false	0	0		0	
2020-06-29 02:27:18	149	149.152	https://travis-ci.org/MCUdude/MegaCore/jobs/702976386	push		false	master	c33c287a1de7916ed5e421af3e0bc9e388d821e0	0c3077bd2f6e...c33c287a1de7	All hardware serial ports may be used to upload	/home/travis/Arduino/hardware/MegaCore/avr/libraries/Timer/examples/Events/Events.ino	MegaCore:avr:can128:bootloader=uart0,BOD=3v8,LTO=Os,clock=8MHz_external	1.6.13	4074	552	0	false	0	0		0	
2020-06-29 02:27:23	149	149.152	https://travis-ci.org/MCUdude/MegaCore/jobs/702976386	push		false	master	c33c287a1de7916ed5e421af3e0bc9e388d821e0	0c3077bd2f6e...c33c287a1de7	All hardware serial ports may be used to upload	/home/travis/Arduino/hardware/MegaCore/avr/libraries/Timer/examples/Pin_high_10_minutes/Pin_high_10_minutes.ino	MegaCore:avr:can128:bootloader=uart0,BOD=3v8,LTO=Os,clock=8MHz_external	1.6.13	1690	205	1	false	0	0		0	
2020-06-29 02:27:28	149	149.152	https://travis-ci.org/MCUdude/MegaCore/jobs/702976386	push		false	master	c33c287a1de7916ed5e421af3e0bc9e388d821e0	0c3077bd2f6e...c33c287a1de7	All hardware serial ports may be used to upload	/home/travis/Arduino/hardware/MegaCore/avr/libraries/Timer/examples/Multitasking/Multitasking.ino	MegaCore:avr:can128:bootloader=uart0,BOD=3v8,LTO=Os,clock=8MHz_external	1.6.13	3572	456	1	false	0	0		0	
2020-06-29 02:27:32	149	149.152	https://travis-ci.org/MCUdude/MegaCore/jobs/702976386	push		false	master	c33c287a1de7916ed5e421af3e0bc9e388d821e0	0c3077bd2f6e...c33c287a1de7	All hardware serial ports may be used to upload	/home/travis/Arduino/hardware/MegaCore/avr/libraries/Timer/examples/TimerTest/TimerTest.ino	MegaCore:avr:can128:bootloader=uart0,BOD=3v8,LTO=Os,clock=8MHz_external	1.6.13	1654	203	0	false	0	0		0	
2020-06-29 02:27:37	149	149.152	https://travis-ci.org/MCUdude/MegaCore/jobs/702976386	push		false	master	c33c287a1de7916ed5e421af3e0bc9e388d821e0	0c3077bd2f6e...c33c287a1de7	All hardware serial ports may be used to upload	/home/travis/Arduino/hardware/MegaCore/avr/libraries/SPI/examples/BarometricPressureSensor/BarometricPressureSensor.ino	MegaCore:avr:can128:bootloader=uart0,BOD=3v8,LTO=Os,clock=8MHz_external	1.6.13	6904	237	1	false	0	0		0	
2020-06-29 02:27:41	149	149.152	https://travis-ci.org/MCUdude/MegaCore/jobs/702976386	push		false	master	c33c287a1de7916ed5e421af3e0bc9e388d821e0	0c3077bd2f6e...c33c287a1de7	All hardware serial ports may be used to upload	/home/travis/Arduino/hardware/MegaCore/avr/libraries/SPI/examples/DigitalPotControl/DigitalPotControl.ino	MegaCore:avr:can128:bootloader=uart0,BOD=3v8,LTO=Os,clock=8MHz_external	1.6.13	1532	10	0	false	0	0		0	
2020-06-29 02:27:46	149	149.152	https://travis-ci.org/MCUdude/MegaCore/jobs/702976386	push		false	master	c33c287a1de7916ed5e421af3e0bc9e388d821e0	0c3077bd2f6e...c33c287a1de7	All hardware serial ports may be used to upload	/home/travis/Arduino/hardware/MegaCore/avr/libraries/Wire/examples/i2c_scanner/i2c_scanner.ino	MegaCore:avr:can128:bootloader=uart0,BOD=3v8,LTO=Os,clock=8MHz_external	1.6.13	4500	532	0	false	0	0		0	
2020-06-29 02:27:51	149	149.152	https://travis-ci.org/MCUdude/MegaCore/jobs/702976386	push		false	master	c33c287a1de7916ed5e421af3e0bc9e388d821e0	0c3077bd2f6e...c33c287a1de7	All hardware serial ports may be used to upload	/home/travis/Arduino/hardware/MegaCore/avr/libraries/Wire/examples/SFRRanger_reader/SFRRanger_reader.ino	MegaCore:avr:can128:bootloader=uart0,BOD=3v8,LTO=Os,clock=8MHz_external	1.6.13	4784	416	0	false	0	0		0	
2020-06-29 02:27:55	149	149.152	https://travis-ci.org/MCUdude/MegaCore/jobs/702976386	push		false	master	c33c287a1de7916ed5e421af3e0bc9e388d821e0	0c3077bd2f6e...c33c287a1de7	All hardware serial ports may be used to upload	/home/travis/Arduino/hardware/MegaCore/avr/libraries/Wire/examples/master_writer/master_writer.ino	MegaCore:avr:can128:bootloader=uart0,BOD=3v8,LTO=Os,clock=8MHz_external	1.6.13	2778	230	0	false	0	0		0	
2020-06-29 02:28:00	149	149.152	https://travis-ci.org/MCUdude/MegaCore/jobs/702976386	push		false	master	c33c287a1de7916ed5e421af3e0bc9e388d821e0	0c3077bd2f6e...c33c287a1de7	All hardware serial ports may be used to upload	/home/travis/Arduino/hardware/MegaCore/avr/libraries/Wire/examples/digital_potentiometer/digital_potentiometer.ino	MegaCore:avr:can128:bootloader=uart0,BOD=3v8,LTO=Os,clock=8MHz_external	1.6.13	2764	224	0	false	0	0		0	
2020-06-29 02:28:05	149	149.152	https://travis-ci.org/MCUdude/MegaCore/jobs/702976386	push		false	master	c33c287a1de7916ed5e421af3e0bc9e388d821e0	0c3077bd2f6e...c33c287a1de7	All hardware serial ports may be used to upload	/home/travis/Arduino/hardware/MegaCore/avr/libraries/Wire/examples/slave_receiver/slave_receiver.ino	MegaCore:avr:can128:bootloader=uart0,BOD=3v8,LTO=Os,clock=8MHz_external	1.6.13	4150	413	1	false	0	0		0	
2020-06-29 02:28:10	149	149.152	https://travis-ci.org/MCUdude/MegaCore/jobs/702976386	push		false	master	c33c287a1de7916ed5e421af3e0bc9e388d821e0	0c3077bd2f6e...c33c287a1de7	All hardware serial ports may be used to upload	/home/travis/Arduino/hardware/MegaCore/avr/libraries/Wire/examples/master_reader/master_reader.ino	MegaCore:avr:can128:bootloader=uart0,BOD=3v8,LTO=Os,clock=8MHz_external	1.6.13	4250	398	0	false	0	0		0	
2020-06-29 02:28:14	149	149.152	https://travis-ci.org/MCUdude/MegaCore/jobs/702976386	push		false	master	c33c287a1de7916ed5e421af3e0bc9e388d821e0	0c3077bd2f6e...c33c287a1de7	All hardware serial ports may be used to upload	/home/travis/Arduino/hardware/MegaCore/avr/libraries/Wire/examples/slave_sender/slave_sender.ino	MegaCore:avr:can128:bootloader=uart0,BOD=3v8,LTO=Os,clock=8MHz_external	1.6.13	2566	230	0	false	0	0		0	
2020-06-29 02:28:20	149	149.152	https://travis-ci.org/MCUdude/MegaCore/jobs/702976386	push		false	master	c33c287a1de7916ed5e421af3e0bc9e388d821e0	0c3077bd2f6e...c33c287a1de7	All hardware serial ports may be used to upload	/home/travis/Arduino/hardware/MegaCore/avr/libraries/Ethernet/examples/UDPSendReceiveString/UDPSendReceiveString.ino	MegaCore:avr:can128:bootloader=uart0,BOD=3v8,LTO=Os,clock=8MHz_external	1.8.6	11754	633	0	false	0	0		0	
2020-06-29 02:28:23	149	149.152	https://travis-ci.org/MCUdude/MegaCore/jobs/702976386	push		false	master	c33c287a1de7916ed5e421af3e0bc9e388d821e0	0c3077bd2f6e...c33c287a1de7	All hardware serial ports may be used to upload	/home/travis/Arduino/hardware/MegaCore/avr/libraries/Ethernet/examples/TwitterClient/TwitterClient.ino	MegaCore:avr:can128:bootloader=uart0,BOD=3v8,LTO=Os,clock=8MHz_external	1.8.6	18834	906	0	false	0	0		0	
2020-06-29 02:28:27	149	149.152	https://travis-ci.org/MCUdude/MegaCore/jobs/702976386	push		false	master	c33c287a1de7916ed5e421af3e0bc9e388d821e0	0c3077bd2f6e...c33c287a1de7	All hardware serial ports may be used to upload	/home/travis/Arduino/hardware/MegaCore/avr/libraries/Ethernet/examples/WebClientRepeating/WebClientRepeating.ino	MegaCore:avr:can128:bootloader=uart0,BOD=3v8,LTO=Os,clock=8MHz_external	1.8.6	17172	951	0	false	0	0		0	
2020-06-29 02:28:30	149	149.152	https://travis-ci.org/MCUdude/MegaCore/jobs/702976386	push		false	master	c33c287a1de7916ed5e421af3e0bc9e388d821e0	0c3077bd2f6e...c33c287a1de7	All hardware serial ports may be used to upload	/home/travis/Arduino/hardware/MegaCore/avr/libraries/Ethernet/examples/UdpNtpClient/UdpNtpClient.ino	MegaCore:avr:can128:bootloader=uart0,BOD=3v8,LTO=Os,clock=8MHz_external	1.8.6	15198	817	0	false	0	0		0	
2020-06-29 02:28:34	149	149.152	https://travis-ci.org/MCUdude/MegaCore/jobs/702976386	push		false	master	c33c287a1de7916ed5e421af3e0bc9e388d821e0	0c3077bd2f6e...c33c287a1de7	All hardware serial ports may be used to upload	/home/travis/Arduino/hardware/MegaCore/avr/libraries/Ethernet/examples/WebClient/WebClient.ino	MegaCore:avr:can128:bootloader=uart0,BOD=3v8,LTO=Os,clock=8MHz_external	1.8.6	19238	1001	0	false	0	0		0	
2020-06-29 02:28:37	149	149.152	https://travis-ci.org/MCUdude/MegaCore/jobs/702976386	push		false	master	c33c287a1de7916ed5e421af3e0bc9e388d821e0	0c3077bd2f6e...c33c287a1de7	All hardware serial ports may be used to upload	/home/travis/Arduino/hardware/MegaCore/avr/libraries/Ethernet/examples/ChatServer/ChatServer.ino	MegaCore:avr:can128:bootloader=uart0,BOD=3v8,LTO=Os,clock=8MHz_external	1.8.6	13682	663	0	false	0	0		0	
2020-06-29 02:28:41	149	149.152	https://travis-ci.org/MCUdude/MegaCore/jobs/702976386	push		false	master	c33c287a1de7916ed5e421af3e0bc9e388d821e0	0c3077bd2f6e...c33c287a1de7	All hardware serial ports may be used to upload	/home/travis/Arduino/hardware/MegaCore/avr/libraries/Ethernet/examples/DhcpAddressPrinter/DhcpAddressPrinter.ino	MegaCore:avr:can128:bootloader=uart0,BOD=3v8,LTO=Os,clock=8MHz_external	1.8.6	14910	784	0	false	0	0		0	
2020-06-29 02:28:45	149	149.152	https://travis-ci.org/MCUdude/MegaCore/jobs/702976386	push		false	master	c33c287a1de7916ed5e421af3e0bc9e388d821e0	0c3077bd2f6e...c33c287a1de7	All hardware serial ports may be used to upload	/home/travis/Arduino/hardware/MegaCore/avr/libraries/Ethernet/examples/XivelyClient/XivelyClient.ino	MegaCore:avr:can128:bootloader=uart0,BOD=3v8,LTO=Os,clock=8MHz_external	1.8.6	17508	866	0	false	0	0		0	
2020-06-29 02:28:48	149	149.152	https://travis-ci.org/MCUdude/MegaCore/jobs/702976386	push		false	master	c33c287a1de7916ed5e421af3e0bc9e388d821e0	0c3077bd2f6e...c33c287a1de7	All hardware serial ports may be used to upload	/home/travis/Arduino/hardware/MegaCore/avr/libraries/Ethernet/examples/XivelyClientString/XivelyClientString.ino	MegaCore:avr:can128:bootloader=uart0,BOD=3v8,LTO=Os,clock=8MHz_external	1.8.6	19286	886	0	false	0	0		0	
2020-06-29 02:28:52	149	149.152	https://travis-ci.org/MCUdude/MegaCore/jobs/702976386	push		false	master	c33c287a1de7916ed5e421af3e0bc9e388d821e0	0c3077bd2f6e...c33c287a1de7	All hardware serial ports may be used to upload	/home/travis/Arduino/hardware/MegaCore/avr/libraries/Ethernet/examples/LinkStatus/LinkStatus.ino	MegaCore:avr:can128:bootloader=uart0,BOD=3v8,LTO=Os,clock=8MHz_external	1.8.6	4994	306	0	false	0	0		0	
2020-06-29 02:28:55	149	149.152	https://travis-ci.org/MCUdude/MegaCore/jobs/702976386	push		false	master	c33c287a1de7916ed5e421af3e0bc9e388d821e0	0c3077bd2f6e...c33c287a1de7	All hardware serial ports may be used to upload	/home/travis/Arduino/hardware/MegaCore/avr/libraries/Ethernet/examples/BarometricPressureWebServer/BarometricPressureWebServer.ino	MegaCore:avr:can128:bootloader=uart0,BOD=3v8,LTO=Os,clock=8MHz_external	1.8.6	18206	724	2	false	0	0		0	
2020-06-29 02:28:59	149	149.152	https://travis-ci.org/MCUdude/MegaCore/jobs/702976386	push		false	master	c33c287a1de7916ed5e421af3e0bc9e388d821e0	0c3077bd2f6e...c33c287a1de7	All hardware serial ports may be used to upload	/home/travis/Arduino/hardware/MegaCore/avr/libraries/Ethernet/examples/DhcpChatServer/DhcpChatServer.ino	MegaCore:avr:can128:bootloader=uart0,BOD=3v8,LTO=Os,clock=8MHz_external	1.8.6	17870	851	0	false	0	0		0	
2020-06-29 02:29:02	149	149.152	https://travis-ci.org/MCUdude/MegaCore/jobs/702976386	push		false	master	c33c287a1de7916ed5e421af3e0bc9e388d821e0	0c3077bd2f6e...c33c287a1de7	All hardware serial ports may be used to upload	/home/travis/Arduino/hardware/MegaCore/avr/libraries/Ethernet/examples/WebServer/WebServer.ino	MegaCore:avr:can128:bootloader=uart0,BOD=3v8,LTO=Os,clock=8MHz_external	1.8.6	14636	786	0	false	0	0		0	
2020-06-29 02:29:06	149	149.152	https://travis-ci.org/MCUdude/MegaCore/jobs/702976386	push		false	master	c33c287a1de7916ed5e421af3e0bc9e388d821e0	0c3077bd2f6e...c33c287a1de7	All hardware serial ports may be used to upload	/home/travis/Arduino/hardware/MegaCore/avr/libraries/Ethernet/examples/TelnetClient/TelnetClient.ino	MegaCore:avr:can128:bootloader=uart0,BOD=3v8,LTO=Os,clock=8MHz_external	1.8.6	13312	643	0	false	0	0		0	
2020-06-29 02:29:09	149	149.152	https://travis-ci.org/MCUdude/MegaCore/jobs/702976386	push		false	master	c33c287a1de7916ed5e421af3e0bc9e388d821e0	0c3077bd2f6e...c33c287a1de7	All hardware serial ports may be used to upload	/home/travis/Arduino/hardware/MegaCore/avr/libraries/Ethernet/examples/PachubeClient/PachubeClient.ino	MegaCore:avr:can128:bootloader=uart0,BOD=3v8,LTO=Os,clock=8MHz_external	1.8.6	17510	868	0	false	0	0		0	
2020-06-29 02:29:13	149	149.152	https://travis-ci.org/MCUdude/MegaCore/jobs/702976386	push		false	master	c33c287a1de7916ed5e421af3e0bc9e388d821e0	0c3077bd2f6e...c33c287a1de7	All hardware serial ports may be used to upload	/home/travis/Arduino/hardware/MegaCore/avr/libraries/Ethernet/examples/PachubeClientString/PachubeClientString.ino	MegaCore:avr:can128:bootloader=uart0,BOD=3v8,LTO=Os,clock=8MHz_external	1.8.6	19288	888	0	false	0	0		0	
2020-06-29 02:29:16	149	149.152	https://travis-ci.org/MCUdude/MegaCore/jobs/702976386	push		false	master	c33c287a1de7916ed5e421af3e0bc9e388d821e0	0c3077bd2f6e...c33c287a1de7	All hardware serial ports may be used to upload	/home/travis/Arduino/hardware/MegaCore/avr/libraries/Ethernet/examples/AdvancedChatServer/AdvancedChatServer.ino	MegaCore:avr:can128:bootloader=uart0,BOD=3v8,LTO=Os,clock=8MHz_external	1.8.6	14442	812	0	false	0	0		0	
2020-06-29 02:29:19	149	149.152	https://travis-ci.org/MCUdude/MegaCore/jobs/702976386	push		false	master	c33c287a1de7916ed5e421af3e0bc9e388d821e0	0c3077bd2f6e...c33c287a1de7	All hardware serial ports may be used to upload	/home/travis/Arduino/hardware/MegaCore/avr/libraries/AVR_examples/examples/Blink_using_Timer0/Blink_using_Timer0.ino	MegaCore:avr:can128:bootloader=uart0,BOD=3v8,LTO=Os,clock=8MHz_external	1.8.6	286	3	0	false	0	0		0	
2020-06-29 02:29:21	149	149.152	https://travis-ci.org/MCUdude/MegaCore/jobs/702976386	push		false	master	c33c287a1de7916ed5e421af3e0bc9e388d821e0	0c3077bd2f6e...c33c287a1de7	All hardware serial ports may be used to upload	/home/travis/Arduino/hardware/MegaCore/avr/libraries/AVR_examples/examples/Read_port_write_port/Read_port_write_port.ino	MegaCore:avr:can128:bootloader=uart0,BOD=3v8,LTO=Os,clock=8MHz_external	1.8.6	188	0	0	false	0	0		0	
2020-06-29 02:29:24	149	149.152	https://travis-ci.org/MCUdude/MegaCore/jobs/702976386	push		false	master	c33c287a1de7916ed5e421af3e0bc9e388d821e0	0c3077bd2f6e...c33c287a1de7	All hardware serial ports may be used to upload	/home/travis/Arduino/hardware/MegaCore/avr/libraries/AVR_examples/examples/Measure_period_length/Measure_period_length.ino	MegaCore:avr:can128:bootloader=uart0,BOD=3v8,LTO=Os,clock=8MHz_external	1.8.6	1870	202	0	false	0	0		0	
2020-06-29 02:29:27	149	149.152	https://travis-ci.org/MCUdude/MegaCore/jobs/702976386	push		false	master	c33c287a1de7916ed5e421af3e0bc9e388d821e0	0c3077bd2f6e...c33c287a1de7	All hardware serial ports may be used to upload	/home/travis/Arduino/hardware/MegaCore/avr/libraries/AVR_examples/examples/Watch_dog_timer/Watch_dog_timer.ino	MegaCore:avr:can128:bootloader=uart0,BOD=3v8,LTO=Os,clock=8MHz_external	1.8.6	278	2	0	false	0	0		0	
2020-06-29 02:29:30	149	149.152	https://travis-ci.org/MCUdude/MegaCore/jobs/702976386	push		false	master	c33c287a1de7916ed5e421af3e0bc9e388d821e0	0c3077bd2f6e...c33c287a1de7	All hardware serial ports may be used to upload	/home/travis/Arduino/hardware/MegaCore/avr/libraries/AVR_examples/examples/Blink/Blink.ino	MegaCore:avr:can128:bootloader=uart0,BOD=3v8,LTO=Os,clock=8MHz_external	1.8.6	220	0	0	false	0	0		0	
2020-06-29 02:29:33	149	149.152	https://travis-ci.org/MCUdude/MegaCore/jobs/702976386	push		false	master	c33c287a1de7916ed5e421af3e0bc9e388d821e0	0c3077bd2f6e...c33c287a1de7	All hardware serial ports may be used to upload	/home/travis/Arduino/hardware/MegaCore/avr/libraries/SD/examples/Datalogger/Datalogger.ino	MegaCore:avr:can128:bootloader=uart0,BOD=3v8,LTO=Os,clock=8MHz_external	1.8.6	14042	945	5	false	0	0		0	
2020-06-29 02:29:36	149	149.152	https://travis-ci.org/MCUdude/MegaCore/jobs/702976386	push		false	master	c33c287a1de7916ed5e421af3e0bc9e388d821e0	0c3077bd2f6e...c33c287a1de7	All hardware serial ports may be used to upload	/home/travis/Arduino/hardware/MegaCore/avr/libraries/SD/examples/CardInfo/CardInfo.ino	MegaCore:avr:can128:bootloader=uart0,BOD=3v8,LTO=Os,clock=8MHz_external	1.8.6	11564	1364	5	false	0	0		0	
2020-06-29 02:29:40	149	149.152	https://travis-ci.org/MCUdude/MegaCore/jobs/702976386	push		false	master	c33c287a1de7916ed5e421af3e0bc9e388d821e0	0c3077bd2f6e...c33c287a1de7	All hardware serial ports may be used to upload	/home/travis/Arduino/hardware/MegaCore/avr/libraries/SD/examples/ReadWrite/ReadWrite.ino	MegaCore:avr:can128:bootloader=uart0,BOD=3v8,LTO=Os,clock=8MHz_external	1.8.6	12938	1014	5	false	0	0		0	
2020-06-29 02:29:43	149	149.152	https://travis-ci.org/MCUdude/MegaCore/jobs/702976386	push		false	master	c33c287a1de7916ed5e421af3e0bc9e388d821e0	0c3077bd2f6e...c33c287a1de7	All hardware serial ports may be used to upload	/home/travis/Arduino/hardware/MegaCore/avr/libraries/SD/examples/listfiles/listfiles.ino	MegaCore:avr:can128:bootloader=uart0,BOD=3v8,LTO=Os,clock=8MHz_external	1.8.6	13678	950	5	false	0	0		0	
2020-06-29 02:29:47	149	149.152	https://travis-ci.org/MCUdude/MegaCore/jobs/702976386	push		false	master	c33c287a1de7916ed5e421af3e0bc9e388d821e0	0c3077bd2f6e...c33c287a1de7	All hardware serial ports may be used to upload	/home/travis/Arduino/hardware/MegaCore/avr/libraries/SD/examples/DumpFile/DumpFile.ino	MegaCore:avr:can128:bootloader=uart0,BOD=3v8,LTO=Os,clock=8MHz_external	1.8.6	12666	943	5	false	0	0		0	
2020-06-29 02:29:50	149	149.152	https://travis-ci.org/MCUdude/MegaCore/jobs/702976386	push		false	master	c33c287a1de7916ed5e421af3e0bc9e388d821e0	0c3077bd2f6e...c33c287a1de7	All hardware serial ports may be used to upload	/home/travis/Arduino/hardware/MegaCore/avr/libraries/SD/examples/Files/Files.ino	MegaCore:avr:can128:bootloader=uart0,BOD=3v8,LTO=Os,clock=8MHz_external	1.8.6	13618	1048	5	false	0	0		0	
2020-06-29 02:29:53	149	149.152	https://travis-ci.org/MCUdude/MegaCore/jobs/702976386	push		false	master	c33c287a1de7916ed5e421af3e0bc9e388d821e0	0c3077bd2f6e...c33c287a1de7	All hardware serial ports may be used to upload	/home/travis/Arduino/hardware/MegaCore/avr/libraries/SoftwareSerial/examples/SoftwareSerialExample/SoftwareSerialExample.ino	MegaCore:avr:can128:bootloader=uart0,BOD=3v8,LTO=Os,clock=8MHz_external	1.8.6	4770	363	0	false	0	0		0	
2020-06-29 02:29:55	149	149.152	https://travis-ci.org/MCUdude/MegaCore/jobs/702976386	push		false	master	c33c287a1de7916ed5e421af3e0bc9e388d821e0	0c3077bd2f6e...c33c287a1de7	All hardware serial ports may be used to upload	/home/travis/Arduino/hardware/MegaCore/avr/libraries/SoftwareSerial/examples/TwoPortReceive/TwoPortReceive.ino	MegaCore:avr:can128:bootloader=uart0,BOD=3v8,LTO=Os,clock=8MHz_external	1.8.6	4856	404	0	false	0	0		0	
2020-06-29 02:29:58	149	149.152	https://travis-ci.org/MCUdude/MegaCore/jobs/702976386	push		false	master	c33c287a1de7916ed5e421af3e0bc9e388d821e0	0c3077bd2f6e...c33c287a1de7	All hardware serial ports may be used to upload	/home/travis/Arduino/hardware/MegaCore/avr/libraries/Servo/examples/Knob/Knob.ino	MegaCore:avr:can128:bootloader=uart0,BOD=3v8,LTO=Os,clock=8MHz_external	1.8.6	2892	56	0	false	0	0		0	
2020-06-29 02:30:01	149	149.152	https://travis-ci.org/MCUdude/MegaCore/jobs/702976386	push		false	master	c33c287a1de7916ed5e421af3e0bc9e388d821e0	0c3077bd2f6e...c33c287a1de7	All hardware serial ports may be used to upload	/home/travis/Arduino/hardware/MegaCore/avr/libraries/Servo/examples/Sweep/Sweep.ino	MegaCore:avr:can128:bootloader=uart0,BOD=3v8,LTO=Os,clock=8MHz_external	1.8.6	2814	52	0	false	0	0		0	
2020-06-29 02:30:03	149	149.152	https://travis-ci.org/MCUdude/MegaCore/jobs/702976386	push		false	master	c33c287a1de7916ed5e421af3e0bc9e388d821e0	0c3077bd2f6e...c33c287a1de7	All hardware serial ports may be used to upload	/home/travis/Arduino/hardware/MegaCore/avr/libraries/EEPROM/examples/eeprom_get/eeprom_get.ino	MegaCore:avr:can128:bootloader=uart0,BOD=3v8,LTO=Os,clock=8MHz_external	1.8.6	4032	258	0	false	0	0		0	
2020-06-29 02:30:06	149	149.152	https://travis-ci.org/MCUdude/MegaCore/jobs/702976386	push		false	master	c33c287a1de7916ed5e421af3e0bc9e388d821e0	0c3077bd2f6e...c33c287a1de7	All hardware serial ports may be used to upload	/home/travis/Arduino/hardware/MegaCore/avr/libraries/EEPROM/examples/eeprom_crc/eeprom_crc.ino	MegaCore:avr:can128:bootloader=uart0,BOD=3v8,LTO=Os,clock=8MHz_external	1.8.6	2554	312	0	false	0	0		0	
2020-06-29 02:30:09	149	149.152	https://travis-ci.org/MCUdude/MegaCore/jobs/702976386	push		false	master	c33c287a1de7916ed5e421af3e0bc9e388d821e0	0c3077bd2f6e...c33c287a1de7	All hardware serial ports may be used to upload	/home/travis/Arduino/hardware/MegaCore/avr/libraries/EEPROM/examples/eeprom_read/eeprom_read.ino	MegaCore:avr:can128:bootloader=uart0,BOD=3v8,LTO=Os,clock=8MHz_external	1.8.6	2328	205	0	false	0	0		0	
2020-06-29 02:30:11	149	149.152	https://travis-ci.org/MCUdude/MegaCore/jobs/702976386	push		false	master	c33c287a1de7916ed5e421af3e0bc9e388d821e0	0c3077bd2f6e...c33c287a1de7	All hardware serial ports may be used to upload	/home/travis/Arduino/hardware/MegaCore/avr/libraries/EEPROM/examples/eeprom_clear/eeprom_clear.ino	MegaCore:avr:can128:bootloader=uart0,BOD=3v8,LTO=Os,clock=8MHz_external	1.8.6	984	9	0	false	0	0		0	
2020-06-29 02:30:14	149	149.152	https://travis-ci.org/MCUdude/MegaCore/jobs/702976386	push		false	master	c33c287a1de7916ed5e421af3e0bc9e388d821e0	0c3077bd2f6e...c33c287a1de7	All hardware serial ports may be used to upload	/home/travis/Arduino/hardware/MegaCore/avr/libraries/EEPROM/examples/eeprom_write/eeprom_write.ino	MegaCore:avr:can128:bootloader=uart0,BOD=3v8,LTO=Os,clock=8MHz_external	1.8.6	910	13	0	false	0	0		0	
2020-06-29 02:30:17	149	149.152	https://travis-ci.org/MCUdude/MegaCore/jobs/702976386	push		false	master	c33c287a1de7916ed5e421af3e0bc9e388d821e0	0c3077bd2f6e...c33c287a1de7	All hardware serial ports may be used to upload	/home/travis/Arduino/hardware/MegaCore/avr/libraries/EEPROM/examples/eeprom_iteration/eeprom_iteration.ino	MegaCore:avr:can128:bootloader=uart0,BOD=3v8,LTO=Os,clock=8MHz_external	1.8.6	724	9	0	false	0	0		0	
2020-06-29 02:30:20	149	149.152	https://travis-ci.org/MCUdude/MegaCore/jobs/702976386	push		false	master	c33c287a1de7916ed5e421af3e0bc9e388d821e0	0c3077bd2f6e...c33c287a1de7	All hardware serial ports may be used to upload	/home/travis/Arduino/hardware/MegaCore/avr/libraries/EEPROM/examples/eeprom_update/eeprom_update.ino	MegaCore:avr:can128:bootloader=uart0,BOD=3v8,LTO=Os,clock=8MHz_external	1.8.6	960	13	0	false	0	0		0	
2020-06-29 02:30:22	149	149.152	https://travis-ci.org/MCUdude/MegaCore/jobs/702976386	push		false	master	c33c287a1de7916ed5e421af3e0bc9e388d821e0	0c3077bd2f6e...c33c287a1de7	All hardware serial ports may be used to upload	/home/travis/Arduino/hardware/MegaCore/avr/libraries/EEPROM/examples/eeprom_put/eeprom_put.ino	MegaCore:avr:can128:bootloader=uart0,BOD=3v8,LTO=Os,clock=8MHz_external	1.8.6	2250	342	0	false	0	0		0	
2020-06-29 02:30:25	149	149.152	https://travis-ci.org/MCUdude/MegaCore/jobs/702976386	push		false	master	c33c287a1de7916ed5e421af3e0bc9e388d821e0	0c3077bd2f6e...c33c287a1de7	All hardware serial ports may be used to upload	/home/travis/Arduino/hardware/MegaCore/avr/libraries/Optiboot_flasher/examples/SerialReadWrite/SerialReadWrite.ino	MegaCore:avr:can128:bootloader=uart0,BOD=3v8,LTO=Os,clock=8MHz_external	1.8.6	7682	461	0	false	0	0		0	
2020-06-29 02:30:28	149	149.152	https://travis-ci.org/MCUdude/MegaCore/jobs/702976386	push		false	master	c33c287a1de7916ed5e421af3e0bc9e388d821e0	0c3077bd2f6e...c33c287a1de7	All hardware serial ports may be used to upload	/home/travis/Arduino/hardware/MegaCore/avr/libraries/Timer/examples/Events/Events.ino	MegaCore:avr:can128:bootloader=uart0,BOD=3v8,LTO=Os,clock=8MHz_external	1.8.6	4004	552	0	false	0	0		0	
2020-06-29 02:30:31	149	149.152	https://travis-ci.org/MCUdude/MegaCore/jobs/702976386	push		false	master	c33c287a1de7916ed5e421af3e0bc9e388d821e0	0c3077bd2f6e...c33c287a1de7	All hardware serial ports may be used to upload	/home/travis/Arduino/hardware/MegaCore/avr/libraries/Timer/examples/Pin_high_10_minutes/Pin_high_10_minutes.ino	MegaCore:avr:can128:bootloader=uart0,BOD=3v8,LTO=Os,clock=8MHz_external	1.8.6	1662	205	1	false	0	0		0	
2020-06-29 02:30:33	149	149.152	https://travis-ci.org/MCUdude/MegaCore/jobs/702976386	push		false	master	c33c287a1de7916ed5e421af3e0bc9e388d821e0	0c3077bd2f6e...c33c287a1de7	All hardware serial ports may be used to upload	/home/travis/Arduino/hardware/MegaCore/avr/libraries/Timer/examples/Multitasking/Multitasking.ino	MegaCore:avr:can128:bootloader=uart0,BOD=3v8,LTO=Os,clock=8MHz_external	1.8.6	3542	456	1	false	0	0		0	
2020-06-29 02:30:36	149	149.152	https://travis-ci.org/MCUdude/MegaCore/jobs/702976386	push		false	master	c33c287a1de7916ed5e421af3e0bc9e388d821e0	0c3077bd2f6e...c33c287a1de7	All hardware serial ports may be used to upload	/home/travis/Arduino/hardware/MegaCore/avr/libraries/Timer/examples/TimerTest/TimerTest.ino	MegaCore:avr:can128:bootloader=uart0,BOD=3v8,LTO=Os,clock=8MHz_external	1.8.6	1626	203	0	false	0	0		0	
2020-06-29 02:30:39	149	149.152	https://travis-ci.org/MCUdude/MegaCore/jobs/702976386	push		false	master	c33c287a1de7916ed5e421af3e0bc9e388d821e0	0c3077bd2f6e...c33c287a1de7	All hardware serial ports may be used to upload	/home/travis/Arduino/hardware/MegaCore/avr/libraries/SPI/examples/BarometricPressureSensor/BarometricPressureSensor.ino	MegaCore:avr:can128:bootloader=uart0,BOD=3v8,LTO=Os,clock=8MHz_external	1.8.6	6856	237	1	false	0	0		0	
2020-06-29 02:30:42	149	149.152	https://travis-ci.org/MCUdude/MegaCore/jobs/702976386	push		false	master	c33c287a1de7916ed5e421af3e0bc9e388d821e0	0c3077bd2f6e...c33c287a1de7	All hardware serial ports may be used to upload	/home/travis/Arduino/hardware/MegaCore/avr/libraries/SPI/examples/DigitalPotControl/DigitalPotControl.ino	MegaCore:avr:can128:bootloader=uart0,BOD=3v8,LTO=Os,clock=8MHz_external	1.8.6	1530	10	0	false	0	0		0	
2020-06-29 02:30:45	149	149.152	https://travis-ci.org/MCUdude/MegaCore/jobs/702976386	push		false	master	c33c287a1de7916ed5e421af3e0bc9e388d821e0	0c3077bd2f6e...c33c287a1de7	All hardware serial ports may be used to upload	/home/travis/Arduino/hardware/MegaCore/avr/libraries/Wire/examples/i2c_scanner/i2c_scanner.ino	MegaCore:avr:can128:bootloader=uart0,BOD=3v8,LTO=Os,clock=8MHz_external	1.8.6	4492	532	0	false	0	0		0	
2020-06-29 02:30:47	149	149.152	https://travis-ci.org/MCUdude/MegaCore/jobs/702976386	push		false	master	c33c287a1de7916ed5e421af3e0bc9e388d821e0	0c3077bd2f6e...c33c287a1de7	All hardware serial ports may be used to upload	/home/travis/Arduino/hardware/MegaCore/avr/libraries/Wire/examples/SFRRanger_reader/SFRRanger_reader.ino	MegaCore:avr:can128:bootloader=uart0,BOD=3v8,LTO=Os,clock=8MHz_external	1.8.6	4786	416	0	false	0	0		0	
2020-06-29 02:30:50	149	149.152	https://travis-ci.org/MCUdude/MegaCore/jobs/702976386	push		false	master	c33c287a1de7916ed5e421af3e0bc9e388d821e0	0c3077bd2f6e...c33c287a1de7	All hardware serial ports may be used to upload	/home/travis/Arduino/hardware/MegaCore/avr/libraries/Wire/examples/master_writer/master_writer.ino	MegaCore:avr:can128:bootloader=uart0,BOD=3v8,LTO=Os,clock=8MHz_external	1.8.6	2770	230	0	false	0	0		0	
2020-06-29 02:30:53	149	149.152	https://travis-ci.org/MCUdude/MegaCore/jobs/702976386	push		false	master	c33c287a1de7916ed5e421af3e0bc9e388d821e0	0c3077bd2f6e...c33c287a1de7	All hardware serial ports may be used to upload	/home/travis/Arduino/hardware/MegaCore/avr/libraries/Wire/examples/digital_potentiometer/digital_potentiometer.ino	MegaCore:avr:can128:bootloader=uart0,BOD=3v8,LTO=Os,clock=8MHz_external	1.8.6	2768	224	0	false	0	0		0	
2020-06-29 02:30:56	149	149.152	https://travis-ci.org/MCUdude/MegaCore/jobs/702976386	push		false	master	c33c287a1de7916ed5e421af3e0bc9e388d821e0	0c3077bd2f6e...c33c287a1de7	All hardware serial ports may be used to upload	/home/travis/Arduino/hardware/MegaCore/avr/libraries/Wire/examples/slave_receiver/slave_receiver.ino	MegaCore:avr:can128:bootloader=uart0,BOD=3v8,LTO=Os,clock=8MHz_external	1.8.6	4138	413	1	false	0	0		0	
2020-06-29 02:30:59	149	149.152	https://travis-ci.org/MCUdude/MegaCore/jobs/702976386	push		false	master	c33c287a1de7916ed5e421af3e0bc9e388d821e0	0c3077bd2f6e...c33c287a1de7	All hardware serial ports may be used to upload	/home/travis/Arduino/hardware/MegaCore/avr/libraries/Wire/examples/master_reader/master_reader.ino	MegaCore:avr:can128:bootloader=uart0,BOD=3v8,LTO=Os,clock=8MHz_external	1.8.6	4252	398	0	false	0	0		0	
2020-06-29 02:31:02	149	149.152	https://travis-ci.org/MCUdude/MegaCore/jobs/702976386	push		false	master	c33c287a1de7916ed5e421af3e0bc9e388d821e0	0c3077bd2f6e...c33c287a1de7	All hardware serial ports may be used to upload	/home/travis/Arduino/hardware/MegaCore/avr/libraries/Wire/examples/slave_sender/slave_sender.ino	MegaCore:avr:can128:bootloader=uart0,BOD=3v8,LTO=Os,clock=8MHz_external	1.8.6	2544	230	0	false	0	0		0	
2020-06-29 02:31:08	149	149.152	https://travis-ci.org/MCUdude/MegaCore/jobs/702976386	push		false	master	c33c287a1de7916ed5e421af3e0bc9e388d821e0	0c3077bd2f6e...c33c287a1de7	All hardware serial ports may be used to upload	/home/travis/Arduino/hardware/MegaCore/avr/libraries/Ethernet/examples/UDPSendReceiveString/UDPSendReceiveString.ino	MegaCore:avr:can128:bootloader=uart0,BOD=3v8,LTO=Os,clock=8MHz_external	1.8.13	11682	621	1	false	0	0		0	
2020-06-29 02:31:12	149	149.152	https://travis-ci.org/MCUdude/MegaCore/jobs/702976386	push		false	master	c33c287a1de7916ed5e421af3e0bc9e388d821e0	0c3077bd2f6e...c33c287a1de7	All hardware serial ports may be used to upload	/home/travis/Arduino/hardware/MegaCore/avr/libraries/Ethernet/examples/TwitterClient/TwitterClient.ino	MegaCore:avr:can128:bootloader=uart0,BOD=3v8,LTO=Os,clock=8MHz_external	1.8.13	18742	894	1	false	0	0		0	
2020-06-29 02:31:17	149	149.152	https://travis-ci.org/MCUdude/MegaCore/jobs/702976386	push		false	master	c33c287a1de7916ed5e421af3e0bc9e388d821e0	0c3077bd2f6e...c33c287a1de7	All hardware serial ports may be used to upload	/home/travis/Arduino/hardware/MegaCore/avr/libraries/Ethernet/examples/WebClientRepeating/WebClientRepeating.ino	MegaCore:avr:can128:bootloader=uart0,BOD=3v8,LTO=Os,clock=8MHz_external	1.8.13	17078	939	1	false	0	0		0	
2020-06-29 02:31:21	149	149.152	https://travis-ci.org/MCUdude/MegaCore/jobs/702976386	push		false	master	c33c287a1de7916ed5e421af3e0bc9e388d821e0	0c3077bd2f6e...c33c287a1de7	All hardware serial ports may be used to upload	/home/travis/Arduino/hardware/MegaCore/avr/libraries/Ethernet/examples/UdpNtpClient/UdpNtpClient.ino	MegaCore:avr:can128:bootloader=uart0,BOD=3v8,LTO=Os,clock=8MHz_external	1.8.13	15118	805	1	false	0	0		0	
2020-06-29 02:31:25	149	149.152	https://travis-ci.org/MCUdude/MegaCore/jobs/702976386	push		false	master	c33c287a1de7916ed5e421af3e0bc9e388d821e0	0c3077bd2f6e...c33c287a1de7	All hardware serial ports may be used to upload	/home/travis/Arduino/hardware/MegaCore/avr/libraries/Ethernet/examples/WebClient/WebClient.ino	MegaCore:avr:can128:bootloader=uart0,BOD=3v8,LTO=Os,clock=8MHz_external	1.8.13	19176	1001	1	false	0	0		0	
2020-06-29 02:31:29	149	149.152	https://travis-ci.org/MCUdude/MegaCore/jobs/702976386	push		false	master	c33c287a1de7916ed5e421af3e0bc9e388d821e0	0c3077bd2f6e...c33c287a1de7	All hardware serial ports may be used to upload	/home/travis/Arduino/hardware/MegaCore/avr/libraries/Ethernet/examples/ChatServer/ChatServer.ino	MegaCore:avr:can128:bootloader=uart0,BOD=3v8,LTO=Os,clock=8MHz_external	1.8.13	13602	651	1	false	0	0		0	
2020-06-29 02:31:33	149	149.152	https://travis-ci.org/MCUdude/MegaCore/jobs/702976386	push		false	master	c33c287a1de7916ed5e421af3e0bc9e388d821e0	0c3077bd2f6e...c33c287a1de7	All hardware serial ports may be used to upload	/home/travis/Arduino/hardware/MegaCore/avr/libraries/Ethernet/examples/DhcpAddressPrinter/DhcpAddressPrinter.ino	MegaCore:avr:can128:bootloader=uart0,BOD=3v8,LTO=Os,clock=8MHz_external	1.8.13	14834	772	1	false	0	0		0	
2020-06-29 02:31:37	149	149.152	https://travis-ci.org/MCUdude/MegaCore/jobs/702976386	push		false	master	c33c287a1de7916ed5e421af3e0bc9e388d821e0	0c3077bd2f6e...c33c287a1de7	All hardware serial ports may be used to upload	/home/travis/Arduino/hardware/MegaCore/avr/libraries/Ethernet/examples/XivelyClient/XivelyClient.ino	MegaCore:avr:can128:bootloader=uart0,BOD=3v8,LTO=Os,clock=8MHz_external	1.8.13	17406	854	1	false	0	0		0	
2020-06-29 02:31:41	149	149.152	https://travis-ci.org/MCUdude/MegaCore/jobs/702976386	push		false	master	c33c287a1de7916ed5e421af3e0bc9e388d821e0	0c3077bd2f6e...c33c287a1de7	All hardware serial ports may be used to upload	/home/travis/Arduino/hardware/MegaCore/avr/libraries/Ethernet/examples/XivelyClientString/XivelyClientString.ino	MegaCore:avr:can128:bootloader=uart0,BOD=3v8,LTO=Os,clock=8MHz_external	1.8.13	19182	874	1	false	0	0		0	
2020-06-29 02:31:45	149	149.152	https://travis-ci.org/MCUdude/MegaCore/jobs/702976386	push		false	master	c33c287a1de7916ed5e421af3e0bc9e388d821e0	0c3077bd2f6e...c33c287a1de7	All hardware serial ports may be used to upload	/home/travis/Arduino/hardware/MegaCore/avr/libraries/Ethernet/examples/LinkStatus/LinkStatus.ino	MegaCore:avr:can128:bootloader=uart0,BOD=3v8,LTO=Os,clock=8MHz_external	1.8.13	4948	294	1	false	0	0		0	
2020-06-29 02:31:49	149	149.152	https://travis-ci.org/MCUdude/MegaCore/jobs/702976386	push		false	master	c33c287a1de7916ed5e421af3e0bc9e388d821e0	0c3077bd2f6e...c33c287a1de7	All hardware serial ports may be used to upload	/home/travis/Arduino/hardware/MegaCore/avr/libraries/Ethernet/examples/BarometricPressureWebServer/BarometricPressureWebServer.ino	MegaCore:avr:can128:bootloader=uart0,BOD=3v8,LTO=Os,clock=8MHz_external	1.8.13	18122	724	3	false	0	0		0	
2020-06-29 02:31:53	149	149.152	https://travis-ci.org/MCUdude/MegaCore/jobs/702976386	push		false	master	c33c287a1de7916ed5e421af3e0bc9e388d821e0	0c3077bd2f6e...c33c287a1de7	All hardware serial ports may be used to upload	/home/travis/Arduino/hardware/MegaCore/avr/libraries/Ethernet/examples/DhcpChatServer/DhcpChatServer.ino	MegaCore:avr:can128:bootloader=uart0,BOD=3v8,LTO=Os,clock=8MHz_external	1.8.13	17790	839	1	false	0	0		0	
2020-06-29 02:31:57	149	149.152	https://travis-ci.org/MCUdude/MegaCore/jobs/702976386	push		false	master	c33c287a1de7916ed5e421af3e0bc9e388d821e0	0c3077bd2f6e...c33c287a1de7	All hardware serial ports may be used to upload	/home/travis/Arduino/hardware/MegaCore/avr/libraries/Ethernet/examples/WebServer/WebServer.ino	MegaCore:avr:can128:bootloader=uart0,BOD=3v8,LTO=Os,clock=8MHz_external	1.8.13	14548	774	1	false	0	0		0	
2020-06-29 02:32:01	149	149.152	https://travis-ci.org/MCUdude/MegaCore/jobs/702976386	push		false	master	c33c287a1de7916ed5e421af3e0bc9e388d821e0	0c3077bd2f6e...c33c287a1de7	All hardware serial ports may be used to upload	/home/travis/Arduino/hardware/MegaCore/avr/libraries/Ethernet/examples/TelnetClient/TelnetClient.ino	MegaCore:avr:can128:bootloader=uart0,BOD=3v8,LTO=Os,clock=8MHz_external	1.8.13	13208	631	1	false	0	0		0	
2020-06-29 02:32:05	149	149.152	https://travis-ci.org/MCUdude/MegaCore/jobs/702976386	push		false	master	c33c287a1de7916ed5e421af3e0bc9e388d821e0	0c3077bd2f6e...c33c287a1de7	All hardware serial ports may be used to upload	/home/travis/Arduino/hardware/MegaCore/avr/libraries/Ethernet/examples/PachubeClient/PachubeClient.ino	MegaCore:avr:can128:bootloader=uart0,BOD=3v8,LTO=Os,clock=8MHz_external	1.8.13	17408	856	1	false	0	0		0	
2020-06-29 02:32:09	149	149.152	https://travis-ci.org/MCUdude/MegaCore/jobs/702976386	push		false	master	c33c287a1de7916ed5e421af3e0bc9e388d821e0	0c3077bd2f6e...c33c287a1de7	All hardware serial ports may be used to upload	/home/travis/Arduino/hardware/MegaCore/avr/libraries/Ethernet/examples/PachubeClientString/PachubeClientString.ino	MegaCore:avr:can128:bootloader=uart0,BOD=3v8,LTO=Os,clock=8MHz_external	1.8.13	19184	876	1	false	0	0		0	
2020-06-29 02:32:13	149	149.152	https://travis-ci.org/MCUdude/MegaCore/jobs/702976386	push		false	master	c33c287a1de7916ed5e421af3e0bc9e388d821e0	0c3077bd2f6e...c33c287a1de7	All hardware serial ports may be used to upload	/home/travis/Arduino/hardware/MegaCore/avr/libraries/Ethernet/examples/AdvancedChatServer/AdvancedChatServer.ino	MegaCore:avr:can128:bootloader=uart0,BOD=3v8,LTO=Os,clock=8MHz_external	1.8.13	14416	800	1	false	0	0		0	
2020-06-29 02:32:16	149	149.152	https://travis-ci.org/MCUdude/MegaCore/jobs/702976386	push		false	master	c33c287a1de7916ed5e421af3e0bc9e388d821e0	0c3077bd2f6e...c33c287a1de7	All hardware serial ports may be used to upload	/home/travis/Arduino/hardware/MegaCore/avr/libraries/AVR_examples/examples/Blink_using_Timer0/Blink_using_Timer0.ino	MegaCore:avr:can128:bootloader=uart0,BOD=3v8,LTO=Os,clock=8MHz_external	1.8.13	286	3	0	false	0	0		0	
2020-06-29 02:32:19	149	149.152	https://travis-ci.org/MCUdude/MegaCore/jobs/702976386	push		false	master	c33c287a1de7916ed5e421af3e0bc9e388d821e0	0c3077bd2f6e...c33c287a1de7	All hardware serial ports may be used to upload	/home/travis/Arduino/hardware/MegaCore/avr/libraries/AVR_examples/examples/Read_port_write_port/Read_port_write_port.ino	MegaCore:avr:can128:bootloader=uart0,BOD=3v8,LTO=Os,clock=8MHz_external	1.8.13	188	0	0	false	0	0		0	
2020-06-29 02:32:22	149	149.152	https://travis-ci.org/MCUdude/MegaCore/jobs/702976386	push		false	master	c33c287a1de7916ed5e421af3e0bc9e388d821e0	0c3077bd2f6e...c33c287a1de7	All hardware serial ports may be used to upload	/home/travis/Arduino/hardware/MegaCore/avr/libraries/AVR_examples/examples/Measure_period_length/Measure_period_length.ino	MegaCore:avr:can128:bootloader=uart0,BOD=3v8,LTO=Os,clock=8MHz_external	1.8.13	1848	190	0	false	0	0		0	
2020-06-29 02:32:25	149	149.152	https://travis-ci.org/MCUdude/MegaCore/jobs/702976386	push		false	master	c33c287a1de7916ed5e421af3e0bc9e388d821e0	0c3077bd2f6e...c33c287a1de7	All hardware serial ports may be used to upload	/home/travis/Arduino/hardware/MegaCore/avr/libraries/AVR_examples/examples/Watch_dog_timer/Watch_dog_timer.ino	MegaCore:avr:can128:bootloader=uart0,BOD=3v8,LTO=Os,clock=8MHz_external	1.8.13	278	2	0	false	0	0		0	
2020-06-29 02:32:28	149	149.152	https://travis-ci.org/MCUdude/MegaCore/jobs/702976386	push		false	master	c33c287a1de7916ed5e421af3e0bc9e388d821e0	0c3077bd2f6e...c33c287a1de7	All hardware serial ports may be used to upload	/home/travis/Arduino/hardware/MegaCore/avr/libraries/AVR_examples/examples/Blink/Blink.ino	MegaCore:avr:can128:bootloader=uart0,BOD=3v8,LTO=Os,clock=8MHz_external	1.8.13	220	0	0	false	0	0		0	
2020-06-29 02:32:32	149	149.152	https://travis-ci.org/MCUdude/MegaCore/jobs/702976386	push		false	master	c33c287a1de7916ed5e421af3e0bc9e388d821e0	0c3077bd2f6e...c33c287a1de7	All hardware serial ports may be used to upload	/home/travis/Arduino/hardware/MegaCore/avr/libraries/SD/examples/Datalogger/Datalogger.ino	MegaCore:avr:can128:bootloader=uart0,BOD=3v8,LTO=Os,clock=8MHz_external	1.8.13	13966	933	5	false	0	0		0	
2020-06-29 02:32:36	149	149.152	https://travis-ci.org/MCUdude/MegaCore/jobs/702976386	push		false	master	c33c287a1de7916ed5e421af3e0bc9e388d821e0	0c3077bd2f6e...c33c287a1de7	All hardware serial ports may be used to upload	/home/travis/Arduino/hardware/MegaCore/avr/libraries/SD/examples/CardInfo/CardInfo.ino	MegaCore:avr:can128:bootloader=uart0,BOD=3v8,LTO=Os,clock=8MHz_external	1.8.13	11518	1352	5	false	0	0		0	
2020-06-29 02:32:40	149	149.152	https://travis-ci.org/MCUdude/MegaCore/jobs/702976386	push		false	master	c33c287a1de7916ed5e421af3e0bc9e388d821e0	0c3077bd2f6e...c33c287a1de7	All hardware serial ports may be used to upload	/home/travis/Arduino/hardware/MegaCore/avr/libraries/SD/examples/ReadWrite/ReadWrite.ino	MegaCore:avr:can128:bootloader=uart0,BOD=3v8,LTO=Os,clock=8MHz_external	1.8.13	12904	1002	5	false	0	0		0	
2020-06-29 02:32:44	149	149.152	https://travis-ci.org/MCUdude/MegaCore/jobs/702976386	push		false	master	c33c287a1de7916ed5e421af3e0bc9e388d821e0	0c3077bd2f6e...c33c287a1de7	All hardware serial ports may be used to upload	/home/travis/Arduino/hardware/MegaCore/avr/libraries/SD/examples/listfiles/listfiles.ino	MegaCore:avr:can128:bootloader=uart0,BOD=3v8,LTO=Os,clock=8MHz_external	1.8.13	13722	938	5	false	0	0		0	
2020-06-29 02:32:47	149	149.152	https://travis-ci.org/MCUdude/MegaCore/jobs/702976386	push		false	master	c33c287a1de7916ed5e421af3e0bc9e388d821e0	0c3077bd2f6e...c33c287a1de7	All hardware serial ports may be used to upload	/home/travis/Arduino/hardware/MegaCore/avr/libraries/SD/examples/DumpFile/DumpFile.ino	MegaCore:avr:can128:bootloader=uart0,BOD=3v8,LTO=Os,clock=8MHz_external	1.8.13	12632	931	5	false	0	0		0	
2020-06-29 02:32:51	149	149.152	https://travis-ci.org/MCUdude/MegaCore/jobs/702976386	push		false	master	c33c287a1de7916ed5e421af3e0bc9e388d821e0	0c3077bd2f6e...c33c287a1de7	All hardware serial ports may be used to upload	/home/travis/Arduino/hardware/MegaCore/avr/libraries/SD/examples/Files/Files.ino	MegaCore:avr:can128:bootloader=uart0,BOD=3v8,LTO=Os,clock=8MHz_external	1.8.13	13578	1036	5	false	0	0		0	
2020-06-29 02:32:54	149	149.152	https://travis-ci.org/MCUdude/MegaCore/jobs/702976386	push		false	master	c33c287a1de7916ed5e421af3e0bc9e388d821e0	0c3077bd2f6e...c33c287a1de7	All hardware serial ports may be used to upload	/home/travis/Arduino/hardware/MegaCore/avr/libraries/SoftwareSerial/examples/SoftwareSerialExample/SoftwareSerialExample.ino	MegaCore:avr:can128:bootloader=uart0,BOD=3v8,LTO=Os,clock=8MHz_external	1.8.13	4750	351	0	false	0	0		0	
2020-06-29 02:32:58	149	149.152	https://travis-ci.org/MCUdude/MegaCore/jobs/702976386	push		false	master	c33c287a1de7916ed5e421af3e0bc9e388d821e0	0c3077bd2f6e...c33c287a1de7	All hardware serial ports may be used to upload	/home/travis/Arduino/hardware/MegaCore/avr/libraries/SoftwareSerial/examples/TwoPortReceive/TwoPortReceive.ino	MegaCore:avr:can128:bootloader=uart0,BOD=3v8,LTO=Os,clock=8MHz_external	1.8.13	4836	392	0	false	0	0		0	
2020-06-29 02:33:01	149	149.152	https://travis-ci.org/MCUdude/MegaCore/jobs/702976386	push		false	master	c33c287a1de7916ed5e421af3e0bc9e388d821e0	0c3077bd2f6e...c33c287a1de7	All hardware serial ports may be used to upload	/home/travis/Arduino/hardware/MegaCore/avr/libraries/Servo/examples/Knob/Knob.ino	MegaCore:avr:can128:bootloader=uart0,BOD=3v8,LTO=Os,clock=8MHz_external	1.8.13	2860	56	0	false	0	0		0	
2020-06-29 02:33:04	149	149.152	https://travis-ci.org/MCUdude/MegaCore/jobs/702976386	push		false	master	c33c287a1de7916ed5e421af3e0bc9e388d821e0	0c3077bd2f6e...c33c287a1de7	All hardware serial ports may be used to upload	/home/travis/Arduino/hardware/MegaCore/avr/libraries/Servo/examples/Sweep/Sweep.ino	MegaCore:avr:can128:bootloader=uart0,BOD=3v8,LTO=Os,clock=8MHz_external	1.8.13	2788	52	0	false	0	0		0	
2020-06-29 02:33:07	149	149.152	https://travis-ci.org/MCUdude/MegaCore/jobs/702976386	push		false	master	c33c287a1de7916ed5e421af3e0bc9e388d821e0	0c3077bd2f6e...c33c287a1de7	All hardware serial ports may be used to upload	/home/travis/Arduino/hardware/MegaCore/avr/libraries/EEPROM/examples/eeprom_get/eeprom_get.ino	MegaCore:avr:can128:bootloader=uart0,BOD=3v8,LTO=Os,clock=8MHz_external	1.8.13	4036	258	0	false	0	0		0	
2020-06-29 02:33:10	149	149.152	https://travis-ci.org/MCUdude/MegaCore/jobs/702976386	push		false	master	c33c287a1de7916ed5e421af3e0bc9e388d821e0	0c3077bd2f6e...c33c287a1de7	All hardware serial ports may be used to upload	/home/travis/Arduino/hardware/MegaCore/avr/libraries/EEPROM/examples/eeprom_crc/eeprom_crc.ino	MegaCore:avr:can128:bootloader=uart0,BOD=3v8,LTO=Os,clock=8MHz_external	1.8.13	2536	300	0	false	0	0		0	
2020-06-29 02:33:13	149	149.152	https://travis-ci.org/MCUdude/MegaCore/jobs/702976386	push		false	master	c33c287a1de7916ed5e421af3e0bc9e388d821e0	0c3077bd2f6e...c33c287a1de7	All hardware serial ports may be used to upload	/home/travis/Arduino/hardware/MegaCore/avr/libraries/EEPROM/examples/eeprom_read/eeprom_read.ino	MegaCore:avr:can128:bootloader=uart0,BOD=3v8,LTO=Os,clock=8MHz_external	1.8.13	2302	193	0	false	0	0		0	
2020-06-29 02:33:16	149	149.152	https://travis-ci.org/MCUdude/MegaCore/jobs/702976386	push		false	master	c33c287a1de7916ed5e421af3e0bc9e388d821e0	0c3077bd2f6e...c33c287a1de7	All hardware serial ports may be used to upload	/home/travis/Arduino/hardware/MegaCore/avr/libraries/EEPROM/examples/eeprom_clear/eeprom_clear.ino	MegaCore:avr:can128:bootloader=uart0,BOD=3v8,LTO=Os,clock=8MHz_external	1.8.13	980	9	0	false	0	0		0	
2020-06-29 02:33:19	149	149.152	https://travis-ci.org/MCUdude/MegaCore/jobs/702976386	push		false	master	c33c287a1de7916ed5e421af3e0bc9e388d821e0	0c3077bd2f6e...c33c287a1de7	All hardware serial ports may be used to upload	/home/travis/Arduino/hardware/MegaCore/avr/libraries/EEPROM/examples/eeprom_write/eeprom_write.ino	MegaCore:avr:can128:bootloader=uart0,BOD=3v8,LTO=Os,clock=8MHz_external	1.8.13	898	13	0	false	0	0		0	
2020-06-29 02:33:22	149	149.152	https://travis-ci.org/MCUdude/MegaCore/jobs/702976386	push		false	master	c33c287a1de7916ed5e421af3e0bc9e388d821e0	0c3077bd2f6e...c33c287a1de7	All hardware serial ports may be used to upload	/home/travis/Arduino/hardware/MegaCore/avr/libraries/EEPROM/examples/eeprom_iteration/eeprom_iteration.ino	MegaCore:avr:can128:bootloader=uart0,BOD=3v8,LTO=Os,clock=8MHz_external	1.8.13	724	9	0	false	0	0		0	
2020-06-29 02:33:25	149	149.152	https://travis-ci.org/MCUdude/MegaCore/jobs/702976386	push		false	master	c33c287a1de7916ed5e421af3e0bc9e388d821e0	0c3077bd2f6e...c33c287a1de7	All hardware serial ports may be used to upload	/home/travis/Arduino/hardware/MegaCore/avr/libraries/EEPROM/examples/eeprom_update/eeprom_update.ino	MegaCore:avr:can128:bootloader=uart0,BOD=3v8,LTO=Os,clock=8MHz_external	1.8.13	948	13	0	false	0	0		0	
2020-06-29 02:33:28	149	149.152	https://travis-ci.org/MCUdude/MegaCore/jobs/702976386	push		false	master	c33c287a1de7916ed5e421af3e0bc9e388d821e0	0c3077bd2f6e...c33c287a1de7	All hardware serial ports may be used to upload	/home/travis/Arduino/hardware/MegaCore/avr/libraries/EEPROM/examples/eeprom_put/eeprom_put.ino	MegaCore:avr:can128:bootloader=uart0,BOD=3v8,LTO=Os,clock=8MHz_external	1.8.13	2234	330	0	false	0	0		0	
2020-06-29 02:33:31	149	149.152	https://travis-ci.org/MCUdude/MegaCore/jobs/702976386	push		false	master	c33c287a1de7916ed5e421af3e0bc9e388d821e0	0c3077bd2f6e...c33c287a1de7	All hardware serial ports may be used to upload	/home/travis/Arduino/hardware/MegaCore/avr/libraries/Optiboot_flasher/examples/SerialReadWrite/SerialReadWrite.ino	MegaCore:avr:can128:bootloader=uart0,BOD=3v8,LTO=Os,clock=8MHz_external	1.8.13	7600	449	0	false	0	0		0	
2020-06-29 02:33:34	149	149.152	https://travis-ci.org/MCUdude/MegaCore/jobs/702976386	push		false	master	c33c287a1de7916ed5e421af3e0bc9e388d821e0	0c3077bd2f6e...c33c287a1de7	All hardware serial ports may be used to upload	/home/travis/Arduino/hardware/MegaCore/avr/libraries/Timer/examples/Events/Events.ino	MegaCore:avr:can128:bootloader=uart0,BOD=3v8,LTO=Os,clock=8MHz_external	1.8.13	3984	540	0	false	0	0		0	
2020-06-29 02:33:37	149	149.152	https://travis-ci.org/MCUdude/MegaCore/jobs/702976386	push		false	master	c33c287a1de7916ed5e421af3e0bc9e388d821e0	0c3077bd2f6e...c33c287a1de7	All hardware serial ports may be used to upload	/home/travis/Arduino/hardware/MegaCore/avr/libraries/Timer/examples/Pin_high_10_minutes/Pin_high_10_minutes.ino	MegaCore:avr:can128:bootloader=uart0,BOD=3v8,LTO=Os,clock=8MHz_external	1.8.13	1654	205	1	false	0	0		0	
2020-06-29 02:33:40	149	149.152	https://travis-ci.org/MCUdude/MegaCore/jobs/702976386	push		false	master	c33c287a1de7916ed5e421af3e0bc9e388d821e0	0c3077bd2f6e...c33c287a1de7	All hardware serial ports may be used to upload	/home/travis/Arduino/hardware/MegaCore/avr/libraries/Timer/examples/Multitasking/Multitasking.ino	MegaCore:avr:can128:bootloader=uart0,BOD=3v8,LTO=Os,clock=8MHz_external	1.8.13	3508	444	1	false	0	0		0	
2020-06-29 02:33:44	149	149.152	https://travis-ci.org/MCUdude/MegaCore/jobs/702976386	push		false	master	c33c287a1de7916ed5e421af3e0bc9e388d821e0	0c3077bd2f6e...c33c287a1de7	All hardware serial ports may be used to upload	/home/travis/Arduino/hardware/MegaCore/avr/libraries/Timer/examples/TimerTest/TimerTest.ino	MegaCore:avr:can128:bootloader=uart0,BOD=3v8,LTO=Os,clock=8MHz_external	1.8.13	1618	203	0	false	0	0		0	
2020-06-29 02:33:47	149	149.152	https://travis-ci.org/MCUdude/MegaCore/jobs/702976386	push		false	master	c33c287a1de7916ed5e421af3e0bc9e388d821e0	0c3077bd2f6e...c33c287a1de7	All hardware serial ports may be used to upload	/home/travis/Arduino/hardware/MegaCore/avr/libraries/SPI/examples/BarometricPressureSensor/BarometricPressureSensor.ino	MegaCore:avr:can128:bootloader=uart0,BOD=3v8,LTO=Os,clock=8MHz_external	1.8.13	6828	237	1	false	0	0		0	
2020-06-29 02:33:50	149	149.152	https://travis-ci.org/MCUdude/MegaCore/jobs/702976386	push		false	master	c33c287a1de7916ed5e421af3e0bc9e388d821e0	0c3077bd2f6e...c33c287a1de7	All hardware serial ports may be used to upload	/home/travis/Arduino/hardware/MegaCore/avr/libraries/SPI/examples/DigitalPotControl/DigitalPotControl.ino	MegaCore:avr:can128:bootloader=uart0,BOD=3v8,LTO=Os,clock=8MHz_external	1.8.13	1520	10	0	false	0	0		0	
2020-06-29 02:33:53	149	149.152	https://travis-ci.org/MCUdude/MegaCore/jobs/702976386	push		false	master	c33c287a1de7916ed5e421af3e0bc9e388d821e0	0c3077bd2f6e...c33c287a1de7	All hardware serial ports may be used to upload	/home/travis/Arduino/hardware/MegaCore/avr/libraries/Wire/examples/i2c_scanner/i2c_scanner.ino	MegaCore:avr:can128:bootloader=uart0,BOD=3v8,LTO=Os,clock=8MHz_external	1.8.13	4432	520	0	false	0	0		0	
2020-06-29 02:33:56	149	149.152	https://travis-ci.org/MCUdude/MegaCore/jobs/702976386	push		false	master	c33c287a1de7916ed5e421af3e0bc9e388d821e0	0c3077bd2f6e...c33c287a1de7	All hardware serial ports may be used to upload	/home/travis/Arduino/hardware/MegaCore/avr/libraries/Wire/examples/SFRRanger_reader/SFRRanger_reader.ino	MegaCore:avr:can128:bootloader=uart0,BOD=3v8,LTO=Os,clock=8MHz_external	1.8.13	4706	404	0	false	0	0		0	
2020-06-29 02:34:00	149	149.152	https://travis-ci.org/MCUdude/MegaCore/jobs/702976386	push		false	master	c33c287a1de7916ed5e421af3e0bc9e388d821e0	0c3077bd2f6e...c33c287a1de7	All hardware serial ports may be used to upload	/home/travis/Arduino/hardware/MegaCore/avr/libraries/Wire/examples/master_writer/master_writer.ino	MegaCore:avr:can128:bootloader=uart0,BOD=3v8,LTO=Os,clock=8MHz_external	1.8.13	2724	230	0	false	0	0		0	
2020-06-29 02:34:03	149	149.152	https://travis-ci.org/MCUdude/MegaCore/jobs/702976386	push		false	master	c33c287a1de7916ed5e421af3e0bc9e388d821e0	0c3077bd2f6e...c33c287a1de7	All hardware serial ports may be used to upload	/home/travis/Arduino/hardware/MegaCore/avr/libraries/Wire/examples/digital_potentiometer/digital_potentiometer.ino	MegaCore:avr:can128:bootloader=uart0,BOD=3v8,LTO=Os,clock=8MHz_external	1.8.13	2722	224	0	false	0	0		0	
2020-06-29 02:34:06	149	149.152	https://travis-ci.org/MCUdude/MegaCore/jobs/702976386	push		false	master	c33c287a1de7916ed5e421af3e0bc9e388d821e0	0c3077bd2f6e...c33c287a1de7	All hardware serial ports may be used to upload	/home/travis/Arduino/hardware/MegaCore/avr/libraries/Wire/examples/slave_receiver/slave_receiver.ino	MegaCore:avr:can128:bootloader=uart0,BOD=3v8,LTO=Os,clock=8MHz_external	1.8.13	4058	401	1	false	0	0		0	
2020-06-29 02:34:09	149	149.152	https://travis-ci.org/MCUdude/MegaCore/jobs/702976386	push		false	master	c33c287a1de7916ed5e421af3e0bc9e388d821e0	0c3077bd2f6e...c33c287a1de7	All hardware serial ports may be used to upload	/home/travis/Arduino/hardware/MegaCore/avr/libraries/Wire/examples/master_reader/master_reader.ino	MegaCore:avr:can128:bootloader=uart0,BOD=3v8,LTO=Os,clock=8MHz_external	1.8.13	4190	398	0	false	0	0		0	
2020-06-29 02:34:12	149	149.152	https://travis-ci.org/MCUdude/MegaCore/jobs/702976386	push		false	master	c33c287a1de7916ed5e421af3e0bc9e388d821e0	0c3077bd2f6e...c33c287a1de7	All hardware serial ports may be used to upload	/home/travis/Arduino/hardware/MegaCore/avr/libraries/Wire/examples/slave_sender/slave_sender.ino	MegaCore:avr:can128:bootloader=uart0,BOD=3v8,LTO=Os,clock=8MHz_external	1.8.13	2496	230	0	false	0	0		0	
